441802794;41.00849;-8.638927;-0.1507777;0.7157331;0
441802796;41.00849;-8.638056;-0.1507625;0.7157331;0
441802805;41.00842;-8.634355;-0.1506979;0.715732;0
441802816;41.00828;-8.634282;-0.1506967;0.7157295;0
441802828;41.00842;-8.634112;-0.1506937;0.715732;0
441802854;41.00847;-8.634525;-0.1507009;0.7157329;0
441802934;41.00842;-8.627381;-0.1505762;0.715732;0
441802954;41.01247;-8.635453;-0.1507171;0.7158027;0
441802957;41.01152;-8.634542;-0.1507012;0.7157861;0
441802961;41.01134;-8.634403;-0.1506988;0.7157829;0
441802977;41.0111;-8.634294;-0.1506968;0.7157788;0
441802980;41.01077;-8.634224;-0.1506956;0.715773;0
441802984;41.01053;-8.634255;-0.1506962;0.7157688;0
441803004;41.013;-8.639812;-0.1507932;0.715812;0
441803007;41.01236;-8.639795;-0.1507929;0.7158008;0
441803009;41.0117;-8.639786;-0.1507927;0.7157892;0
441803013;41.01118;-8.639791;-0.1507928;0.7157801;0
441803014;41.01035;-8.639804;-0.150793;0.7157655;0
441803015;41.00941;-8.639812;-0.1507932;0.7157492;0
441803016;41.0085;-8.639818;-0.1507933;0.7157333;0
441803017;41.00819;-8.639822;-0.1507933;0.7157279;0
441803018;41.00721;-8.639832;-0.1507935;0.7157109;0
441803019;41.00661;-8.639848;-0.1507938;0.7157004;0
441803020;41.00592;-8.639855;-0.1507939;0.7156884;0
441803021;41.00534;-8.639871;-0.1507942;0.7156782;0
441803022;41.00468;-8.639887;-0.1507945;0.7156667;0
441803023;41.00396;-8.639903;-0.1507948;0.7156542;0
441803024;41.00312;-8.639915;-0.150795;0.7156395;0
441803025;41.00229;-8.639923;-0.1507951;0.7156249;0
441803026;41.00136;-8.639935;-0.1507953;0.7156088;0
441803027;41.00076;-8.639936;-0.1507953;0.7155983;0
441803029;40.99947;-8.639948;-0.1507955;0.7155757;0
441803031;40.99774;-8.64001;-0.1507966;0.7155455;0
441803068;41.01165;-8.643989;-0.1508661;0.7157884;0
441803070;41.01166;-8.642974;-0.1508484;0.7157885;0
441803072;41.01167;-8.641433;-0.1508214;0.7157887;0
441803074;41.01168;-8.640724;-0.1508091;0.7157889;0
441803076;41.0117;-8.638907;-0.1507774;0.7157891;0
441803078;41.01172;-8.638315;-0.150767;0.7157895;0
441803092;41.00943;-8.643473;-0.1508571;0.7157496;0
441803095;41.00991;-8.643164;-0.1508517;0.715758;0
441803097;41.01001;-8.642994;-0.1508487;0.7157598;0
441803099;41.01028;-8.642268;-0.150836;0.7157643;0
441803101;41.01062;-8.641338;-0.1508198;0.7157703;0
441803103;41.01083;-8.640735;-0.1508093;0.7157741;0
441803105;41.01107;-8.640105;-0.1507983;0.7157781;0
441803107;41.0115;-8.6389;-0.1507773;0.7157857;0
441803110;41.01181;-8.638022;-0.1507619;0.715791;0
441803112;41.01201;-8.637466;-0.1507522;0.7157946;0
441803114;41.01217;-8.637014;-0.1507443;0.7157974;0
441803119;41.01225;-8.636613;-0.1507373;0.7157987;0
441803121;41.01226;-8.636218;-0.1507304;0.7157989;0
441803124;41.01231;-8.635835;-0.1507238;0.7157997;0
441803126;41.01235;-8.635676;-0.150721;0.7158006;0
441803128;41.0126;-8.635271;-0.1507139;0.7158048;0
441803130;41.0127;-8.6351;-0.1507109;0.7158067;0
441803133;41.01273;-8.634531;-0.150701;0.7158071;0
441803135;41.01282;-8.634206;-0.1506953;0.7158087;0
441803138;41.01291;-8.634094;-0.1506934;0.7158103;0
441803141;41.01337;-8.633596;-0.1506847;0.7158184;0
441803143;41.01361;-8.633464;-0.1506824;0.7158225;0
441803282;41.01104;-8.643987;-0.150866;0.7157776;0
441803285;41.01104;-8.643648;-0.1508601;0.7157777;0
441803287;41.01105;-8.642969;-0.1508483;0.7157778;0
441803289;41.01105;-8.641379;-0.1508205;0.7157779;0
441803291;41.01105;-8.640736;-0.1508093;0.7157779;0
441803296;41.0094;-8.638922;-0.1507776;0.715749;0
441803298;41.01035;-8.63892;-0.1507776;0.7157656;0
441803301;41.01238;-8.638947;-0.1507781;0.7158011;0
441803304;41.01305;-8.639054;-0.1507799;0.7158127;0
441803316;41.013;-8.640706;-0.1508088;0.7158119;0
441803319;41.013;-8.64153;-0.1508231;0.7158118;0
441803322;41.01299;-8.642993;-0.1508487;0.7158118;0
441803324;41.01299;-8.643715;-0.1508613;0.7158116;0
441803326;41.01299;-8.643967;-0.1508657;0.7158117;0
441803327;41.01281;-8.643971;-0.1508658;0.7158085;0
441803328;41.0123;-8.64398;-0.1508659;0.7157996;0
441803329;41.01042;-8.643983;-0.150866;0.7157669;0
441803330;41.00944;-8.643937;-0.1508652;0.7157497;0
441803331;41.00885;-8.644006;-0.1508664;0.7157394;0
441803332;41.00809;-8.643918;-0.1508648;0.7157262;0
441803333;41.00721;-8.64395;-0.1508654;0.7157109;0
441803334;41.00663;-8.643973;-0.1508658;0.7157006;0
441803335;41.00596;-8.644008;-0.1508664;0.715689;0
441803337;41.00533;-8.644038;-0.1508669;0.7156781;0
441803339;41.00469;-8.644055;-0.1508672;0.7156668;0
441803340;41.00398;-8.643961;-0.1508656;0.7156544;0
441803342;41.00323;-8.643833;-0.1508633;0.7156414;0
441803344;41.00218;-8.643083;-0.1508503;0.7156231;0
441803347;41.00219;-8.642394;-0.1508382;0.7156232;0
441803349;41.00113;-8.642411;-0.1508385;0.7156048;0
441803356;41.00058;-8.64241;-0.1508385;0.7155951;0
441803358;40.9999;-8.641502;-0.1508227;0.7155833;0
441803367;41.01231;-8.642986;-0.1508486;0.7157997;0
441803370;41.01233;-8.641475;-0.1508222;0.7158002;0
441803372;41.01234;-8.640707;-0.1508088;0.7158005;0
441803375;41.01239;-8.638562;-0.1507713;0.7158012;0
441803382;41.01222;-8.638486;-0.15077;0.7157983;0
441803385;41.01219;-8.63806;-0.1507626;0.7157978;0
441803390;41.01369;-8.641588;-0.1508242;0.7158239;0
441803393;41.01368;-8.642858;-0.1508463;0.7158238;0
441803401;41.01333;-8.642998;-0.1508488;0.7158177;0
441803403;41.01063;-8.642777;-0.1508449;0.7157705;0
441803408;41.01044;-8.643261;-0.1508534;0.7157671;0
441803426;41.01395;-8.641598;-0.1508243;0.7158284;0
441803428;41.00941;-8.641359;-0.1508202;0.7157493;0
441803431;41.0085;-8.641369;-0.1508203;0.7157334;0
441803434;41.00815;-8.641369;-0.1508203;0.7157273;0
441803436;41.00722;-8.641385;-0.1508206;0.7157109;0
441803439;41.00662;-8.641395;-0.1508208;0.7157006;0
441803441;41.00594;-8.641412;-0.1508211;0.7156886;0
441803444;41.00534;-8.641423;-0.1508213;0.7156782;0
441803451;41.00468;-8.641431;-0.1508214;0.7156668;0
441803453;41.00397;-8.641449;-0.1508217;0.7156543;0
441803456;41.0031;-8.641468;-0.1508221;0.7156391;0
441803458;41.00223;-8.641479;-0.1508223;0.7156239;0
441803460;41.00121;-8.641507;-0.1508228;0.715606;0
441803462;41.00059;-8.641506;-0.1508227;0.7155953;0
441803474;41.00813;-8.642287;-0.1508364;0.7157269;0
441803483;41.00844;-8.643902;-0.1508645;0.7157323;0
441803486;41.0085;-8.640761;-0.1508097;0.7157334;0
441803494;41.00941;-8.640759;-0.1508097;0.7157492;0
441803496;41.00942;-8.642262;-0.1508359;0.7157494;0
441803508;41.00534;-8.645984;-0.1509009;0.7156782;0
441803516;41.00306;-8.646102;-0.1509029;0.7156385;0
441803521;41.00116;-8.646194;-0.1509046;0.7156053;0
441803525;41.00068;-8.64622;-0.150905;0.7155968;0
441803528;41.00024;-8.646237;-0.1509053;0.7155891;0
441803530;40.99924;-8.646295;-0.1509063;0.7155718;0
441803532;40.99887;-8.646408;-0.1509083;0.7155653;0
441803535;40.99861;-8.646427;-0.1509086;0.7155607;0
441803537;40.99832;-8.646214;-0.1509049;0.7155556;0
441803539;40.99817;-8.645975;-0.1509007;0.7155531;0
441803545;40.99748;-8.645789;-0.1508975;0.7155411;0
441803547;40.99657;-8.645854;-0.1508986;0.7155251;0
441803549;40.99602;-8.645752;-0.1508968;0.7155156;0
441803551;40.9958;-8.645697;-0.1508959;0.7155117;0
441803554;40.99497;-8.645486;-0.1508922;0.7154972;0
441803556;40.99466;-8.645411;-0.1508909;0.7154917;0
441803558;40.99426;-8.645309;-0.1508891;0.7154849;0
441803592;41.0092;-8.644478;-0.1508746;0.7157455;0
441803596;41.00911;-8.645286;-0.1508887;0.715744;0
441803600;41.00794;-8.64541;-0.1508909;0.7157235;0
441803604;41.00722;-8.645416;-0.150891;0.7157111;0
441803607;41.00723;-8.645894;-0.1508993;0.7157112;0
441803619;41.00939;-8.635214;-0.1507129;0.7157488;0
441803623;41.00855;-8.634182;-0.1506949;0.7157342;0
441803624;41.01055;-8.634167;-0.1506946;0.7157691;0
441805488;41.00849;-8.637964;-0.1507609;0.7157331;0
441805490;41.01184;-8.637911;-0.15076;0.7157917;0
441805493;41.00721;-8.637992;-0.1507614;0.7157108;0
441805495;41.0066;-8.637999;-0.1507615;0.7157003;0
441805496;41.00592;-8.638011;-0.1507617;0.7156884;0
441805497;41.00537;-8.638021;-0.1507619;0.7156787;0
441805498;41.00468;-8.638033;-0.1507621;0.7156666;0
441805500;41.00317;-8.638061;-0.1507626;0.7156402;0
441805501;41.00235;-8.638076;-0.1507629;0.7156261;0
441805503;41.00094;-8.638086;-0.150763;0.7156014;0
441805505;40.99989;-8.637553;-0.1507537;0.715583;0
441805507;41.00721;-8.638088;-0.1507631;0.7157108;0
441805508;41.00535;-8.638102;-0.1507633;0.7156783;0
441805509;41.00468;-8.63811;-0.1507635;0.7156667;0
441805510;41.00397;-8.638128;-0.1507638;0.7156543;0
441805511;41.00315;-8.638142;-0.150764;0.7156399;0
441805512;41.00235;-8.638157;-0.1507643;0.7156261;0
441805513;41.00093;-8.638196;-0.150765;0.7156013;0
441805521;40.99694;-8.63486;-0.1507067;0.7155316;0
441805522;40.99749;-8.635489;-0.1507177;0.7155411;0
441805523;40.99864;-8.636478;-0.150735;0.7155612;0
441813252;41.00722;-8.6423;-0.1508366;0.7157109;0
441813273;41.00722;-8.644979;-0.1508834;0.7157111;0
441813274;41.00722;-8.644535;-0.1508756;0.7157111;0
441813275;41.00721;-8.643253;-0.1508532;0.7157109;0
441813276;41.00721;-8.642955;-0.150848;0.7157109;0
441813277;41.00722;-8.640781;-0.1508101;0.7157109;0
441813278;41.00721;-8.637139;-0.1507465;0.7157108;0
441813279;41.00721;-8.636285;-0.1507316;0.7157108;0
441813280;41.00721;-8.635288;-0.1507142;0.7157108;0
441813281;41.0072;-8.634447;-0.1506995;0.7157107;0
441819625;41.00396;-8.632549;-0.1506664;0.7156542;0
441819649;41.00393;-8.634047;-0.1506925;0.7156537;0
441819655;41.00407;-8.634087;-0.1506932;0.715656;0
441819659;41.0041;-8.634128;-0.150694;0.7156566;0
441819662;41.00414;-8.634238;-0.1506959;0.7156572;0
441819665;41.00414;-8.634332;-0.1506975;0.7156572;0
441819668;41.00412;-8.634383;-0.1506984;0.7156569;0
441819670;41.00407;-8.634467;-0.1506999;0.715656;0
441819672;41.00396;-8.634513;-0.1507007;0.7156541;0
441819677;41.00386;-8.634473;-0.1507;0.7156525;0
441819680;41.00383;-8.634425;-0.1506992;0.7156518;0
441819682;41.0038;-8.634365;-0.1506981;0.7156513;0
441819685;41.0038;-8.634199;-0.1506952;0.7156512;0
441819692;41.00385;-8.634097;-0.1506934;0.7156522;0
441819695;41.00389;-8.634066;-0.1506929;0.7156528;0
441819719;41.00828;-8.634194;-0.1506951;0.7157295;0
441819722;41.00837;-8.634007;-0.1506918;0.7157311;0
441819723;41.00755;-8.634;-0.1506917;0.7157168;0
441819724;41.00413;-8.634039;-0.1506924;0.7156571;0
443800954;41.00398;-8.646049;-0.150902;0.7156545;0
443800955;41.00663;-8.642304;-0.1508367;0.7157006;0
443800956;41.00594;-8.642321;-0.1508369;0.7156886;0
443800957;41.00534;-8.642323;-0.150837;0.7156782;0
443800958;41.00468;-8.642324;-0.150837;0.7156667;0
443800959;41.00396;-8.642347;-0.1508374;0.7156542;0
443800960;41.00397;-8.638046;-0.1507623;0.7156543;0
443800961;41.00592;-8.638973;-0.1507785;0.7156883;0
443803684;41.00751;-8.633759;-0.1506875;0.7157162;0
443803685;41.00713;-8.631064;-0.1506405;0.7157094;0
443803761;40.99707;-8.634475;-0.1507;0.7155339;0
443803762;40.99733;-8.634397;-0.1506986;0.7155383;0
443808161;40.99733;-8.634308;-0.1506971;0.7155384;0
443809273;41.00716;-8.631205;-0.1506429;0.7157099;0
443809274;41.0094;-8.637082;-0.1507455;0.715749;0
443809275;41.00848;-8.6371;-0.1507458;0.7157329;0
443809276;41.00396;-8.637162;-0.1507469;0.7156542;0
443809282;41.0072;-8.633891;-0.1506898;0.7157106;0
443809283;41.00698;-8.633041;-0.150675;0.7157068;0
443809284;41.00692;-8.632731;-0.1506696;0.7157058;0
443809290;41.00316;-8.637163;-0.1507469;0.7156401;0
443809927;41.00933;-8.643524;-0.150858;0.7157478;0
443809931;41.00817;-8.640771;-0.1508099;0.7157276;0
443809933;41.00914;-8.642392;-0.1508382;0.7157444;0
443812903;41.0094;-8.636246;-0.1507309;0.715749;0
443812931;41.00594;-8.640805;-0.1508105;0.7156886;0
443813000;41.00307;-8.643735;-0.1508616;0.7156386;0
443813070;41.00468;-8.640834;-0.150811;0.7156667;0
443813076;41.00662;-8.640784;-0.1508101;0.7157005;0
443813084;41.0031;-8.642379;-0.150838;0.7156391;0
443813089;41.00847;-8.636251;-0.150731;0.7157329;0
443813090;41.00846;-8.635248;-0.1507135;0.7157327;0
443813100;41.00397;-8.640832;-0.150811;0.7156543;0
443813102;41.00396;-8.639004;-0.1507791;0.7156541;0
443813108;41.00396;-8.636296;-0.1507318;0.7156541;0
443813115;41.00534;-8.63898;-0.1507786;0.7156782;0
443813117;41.00534;-8.640817;-0.1508107;0.7156782;0
443813125;41.01035;-8.64074;-0.1508094;0.7157655;0
443813126;41.00311;-8.640847;-0.1508112;0.7156392;0
443813127;41.00225;-8.64085;-0.1508113;0.7156243;0
443813128;41.00127;-8.640881;-0.1508118;0.7156071;0
443813129;41.00066;-8.640889;-0.150812;0.7155966;0
443813155;41.00113;-8.636333;-0.1507325;0.7156047;0
443813166;41.00084;-8.639075;-0.1507803;0.7155997;0
443813185;41.00042;-8.642239;-0.1508355;0.7155924;0
443813209;41.00232;-8.639049;-0.1507798;0.7156254;0
443813212;41.00238;-8.636704;-0.1507389;0.7156265;0
443813224;41.0033;-8.635396;-0.1507161;0.7156426;0
443813226;41.00317;-8.636302;-0.1507319;0.7156402;0
443813234;41.00314;-8.639016;-0.1507793;0.7156397;0
443817322;41.00939;-8.635395;-0.1507161;0.7157489;0
443817366;41.00595;-8.643299;-0.150854;0.7156888;0
443817389;41.00594;-8.642991;-0.1508487;0.7156887;0
443817424;41.00468;-8.643332;-0.1508546;0.7156667;0
443817435;41.00468;-8.643024;-0.1508492;0.7156668;0
443817484;41.00663;-8.643277;-0.1508536;0.7157007;0
443817589;41.00398;-8.645487;-0.1508922;0.7156545;0
443817603;41.00398;-8.644557;-0.150876;0.7156544;0
443817612;41.00398;-8.643351;-0.1508549;0.7156544;0
443817621;41.00397;-8.643043;-0.1508496;0.7156544;0
443817655;41.00533;-8.643003;-0.1508489;0.7156781;0
443817656;41.00534;-8.643319;-0.1508544;0.7156782;0
443817684;41.01105;-8.637038;-0.1507448;0.7157779;0
443817689;41.01033;-8.637054;-0.150745;0.7157654;0
443817692;41.00783;-8.63712;-0.1507462;0.7157216;0
443817700;41.00812;-8.642931;-0.1508476;0.7157267;0
443817708;41.00309;-8.643064;-0.1508499;0.7156389;0
443817715;41.00783;-8.636268;-0.1507313;0.7157217;0
443817736;41.01033;-8.636239;-0.1507308;0.7157653;0
443817737;41.01105;-8.636233;-0.1507307;0.7157778;0
443817747;41.00782;-8.635263;-0.1507138;0.7157215;0
443817765;41.00832;-8.634431;-0.1506992;0.7157301;0
443817769;41.00782;-8.634438;-0.1506994;0.7157215;0
443817788;41.01033;-8.635755;-0.1507224;0.7157653;0
443817797;41.01018;-8.63512;-0.1507113;0.7157627;0
443817801;41.01012;-8.634705;-0.150704;0.7157615;0
443817815;41.01019;-8.634547;-0.1507013;0.7157629;0
443817821;41.01059;-8.634562;-0.1507015;0.7157698;0
443817831;41.01085;-8.634734;-0.1507045;0.7157743;0
443817844;41.01104;-8.635199;-0.1507127;0.7157777;0
443817891;41.00948;-8.63537;-0.1507156;0.7157505;0
443817960;41.00047;-8.644576;-0.1508763;0.7155933;0
443817968;41.00793;-8.644969;-0.1508832;0.7157234;0
443817971;41.00596;-8.645;-0.1508837;0.7156891;0
443817975;41.00534;-8.645009;-0.1508839;0.7156782;0
443817983;41.00307;-8.645515;-0.1508927;0.7156385;0
443818025;40.99972;-8.642726;-0.150844;0.7155801;0
443818031;40.99951;-8.642892;-0.1508469;0.7155764;0
443818033;40.98992;-8.640448;-0.1508043;0.715409;0
506859190;41.00427;-8.632548;-0.1506664;0.7156596;0
768203700;40.99842;-8.643091;-0.1508504;0.7155575;0
768203701;41.00059;-8.643653;-0.1508602;0.7155953;0
768203703;40.99937;-8.645162;-0.1508865;0.715574;0
768203705;41.0009;-8.643735;-0.1508616;0.7156007;0
768203706;40.99961;-8.6434;-0.1508558;0.7155781;0
768203707;41.00073;-8.645533;-0.150893;0.7155977;0
768203708;40.99985;-8.64188;-0.1508293;0.7155824;0
768203709;41.00138;-8.644588;-0.1508765;0.7156091;0
768203710;40.99627;-8.642539;-0.1508408;0.7155199;0
768203711;41.00148;-8.643878;-0.1508641;0.7156107;0
768203712;41;-8.641752;-0.150827;0.715585;0
768203713;41.00111;-8.643788;-0.1508626;0.7156044;0
768203714;41.00051;-8.642136;-0.1508337;0.715594;0
768203715;41.00083;-8.644575;-0.1508763;0.7155994;0
768203716;41.00134;-8.645523;-0.1508928;0.7156083;0
768203718;41.00112;-8.644584;-0.1508764;0.7156045;0
768203719;40.99903;-8.643247;-0.1508531;0.715568;0
768203720;40.9959;-8.641973;-0.1508309;0.7155133;0
768203721;41.00034;-8.645529;-0.1508929;0.7155908;0
768203722;40.9995;-8.64421;-0.1508699;0.7155763;0
768203723;41.00115;-8.645526;-0.1508929;0.715605;0
768203725;41.00009;-8.63993;-0.1507952;0.7155865;0
768226308;41.00664;-8.644545;-0.1508758;0.7157009;0
768226309;41.00665;-8.645925;-0.1508999;0.7157011;0
768226311;41.01339;-8.641565;-0.1508238;0.7158186;0
768226313;41.00597;-8.645444;-0.1508915;0.7156891;0
768226314;41.00794;-8.645561;-0.1508935;0.7157235;0
768226315;41.01331;-8.639058;-0.15078;0.7158173;0
768226316;41.00663;-8.64297;-0.1508483;0.7157006;0
768226317;41.00534;-8.645457;-0.1508917;0.7156782;0
768226319;41.00597;-8.645948;-0.1509003;0.7156891;0
768226320;41.00469;-8.644569;-0.1508762;0.7156669;0
768226321;41.00664;-8.644989;-0.1508835;0.7157009;0
768226322;41.0047;-8.645472;-0.1508919;0.7156669;0
768226323;41.00793;-8.644541;-0.1508757;0.7157233;0
768226324;41.00665;-8.645429;-0.1508912;0.715701;0
768226326;41.01166;-8.643691;-0.1508609;0.7157885;0
768226327;41.0047;-8.646012;-0.1509014;0.7156671;0
768226329;41.00887;-8.631943;-0.1506558;0.7157397;0
768226330;41.00597;-8.644557;-0.150876;0.7156891;0
768226331;41.00534;-8.644571;-0.1508762;0.7156782;0
768226332;41.00309;-8.644567;-0.1508761;0.7156389;0
768565989;41.00466;-8.635351;-0.1507153;0.7156664;0
768565990;41.00537;-8.63628;-0.1507315;0.7156787;0
768565991;41.0066;-8.634449;-0.1506996;0.7157001;0
768565992;41.00465;-8.634471;-0.1506999;0.7156662;0
768565993;41.00467;-8.637157;-0.1507468;0.7156665;0
768565994;41.0066;-8.635296;-0.1507143;0.7157001;0
768565995;41.00468;-8.638987;-0.1507788;0.7156668;0
768565996;41.00592;-8.637147;-0.1507467;0.7156882;0
768565997;41.0066;-8.637139;-0.1507465;0.7157001;0
768565998;41.00538;-8.635046;-0.15071;0.7156789;0
768565999;41.00592;-8.636279;-0.1507315;0.7156882;0
768566000;41.00538;-8.635334;-0.150715;0.7156789;0
768566001;41.00467;-8.636301;-0.1507319;0.7156665;0
768566002;41.0066;-8.636276;-0.1507315;0.7157001;0
768566003;41.00592;-8.635313;-0.1507147;0.7156882;0
768566004;41.00536;-8.637155;-0.1507468;0.7156785;0
768572554;41.00414;-8.634477;-0.1507;0.7156572;0
768602748;41.0088;-8.63342;-0.1506816;0.7157387;0
768602758;41.00889;-8.630956;-0.1506386;0.7157402;0
768602932;41.00888;-8.631775;-0.1506529;0.7157399;0
769290262;40.99845;-8.646346;-0.1509072;0.7155579;0
769290265;40.99873;-8.646441;-0.1509089;0.7155628;0
769290274;40.99907;-8.646343;-0.1509072;0.7155687;0
769290276;40.99822;-8.64603;-0.1509017;0.7155539;0
769290289;40.99675;-8.642652;-0.1508427;0.7155282;0
769290291;40.99813;-8.64595;-0.1509003;0.7155524;0
769290294;40.99419;-8.645261;-0.1508883;0.7154835;0
769290295;40.99926;-8.645967;-0.1509006;0.7155721;0
769314252;41.00845;-8.632439;-0.1506645;0.7157325;0
769314375;41.00828;-8.633997;-0.1506917;0.7157295;0
769314384;41.00845;-8.631755;-0.1506525;0.7157325;0
769314409;41.00843;-8.628536;-0.1505964;0.7157322;0
769314425;41.00863;-8.634275;-0.1506965;0.7157357;0
769314426;41.00846;-8.633912;-0.1506902;0.7157327;0
769314447;41.00842;-8.625319;-0.1505402;0.7157319;0
769314452;41.00855;-8.634282;-0.1506967;0.7157342;0
769314477;41.00863;-8.634183;-0.1506949;0.7157357;0
769324649;40.99378;-8.641432;-0.1508214;0.7154765;0
769324680;40.99557;-8.641884;-0.1508293;0.7155077;0
769324710;40.99467;-8.641658;-0.1508254;0.7154921;0
769324716;40.99644;-8.64211;-0.1508333;0.7155229;0
771439427;40.99775;-8.634392;-0.1506986;0.7155457;0
771439432;41.00548;-8.632548;-0.1506664;0.7156807;0
771439553;40.99704;-8.634383;-0.1506984;0.7155333;0
771439555;41.00548;-8.634024;-0.1506921;0.7156806;0
771439566;40.99774;-8.634304;-0.150697;0.7155456;0
771440310;41.00719;-8.631453;-0.1506473;0.7157105;0
771440327;41.0071;-8.630974;-0.1506389;0.715709;0
771440364;41.00712;-8.631323;-0.150645;0.7157092;0
771440428;40.9972;-8.634422;-0.1506991;0.7155361;0
772873132;41.01254;-8.644616;-0.150877;0.7158039;0
772873139;41.00978;-8.644943;-0.1508827;0.7157558;0
772873166;41.01198;-8.644882;-0.1508817;0.7157941;0
772873213;41.00666;-8.639847;-0.1507938;0.7157013;0
772873215;41.00904;-8.645391;-0.1508905;0.7157427;0
772873225;41.01228;-8.644746;-0.1508793;0.7157994;0
772873236;41.00851;-8.645393;-0.1508906;0.7157336;0
772873245;41.01174;-8.644942;-0.1508827;0.7157899;0
772873247;41.00666;-8.638078;-0.1507629;0.7157013;0
772873249;41.00189;-8.646159;-0.1509039;0.715618;0
772873273;41.01168;-8.644947;-0.1508828;0.7157888;0
772873290;41.00188;-8.645768;-0.1508971;0.7156179;0
772873292;41.0098;-8.644467;-0.1508744;0.7157559;0
772873294;41.01212;-8.644417;-0.1508735;0.7157965;0
772873296;41.01104;-8.644917;-0.1508823;0.7157776;0
772873302;41.00021;-8.646315;-0.1509067;0.7155887;0
773398374;40.99763;-8.645807;-0.1508978;0.7155436;0
773398378;40.99784;-8.645862;-0.1508988;0.7155473;0
773398382;40.99693;-8.645796;-0.1508976;0.7155313;0
773398387;40.99725;-8.645782;-0.1508974;0.715537;0
773398397;40.99629;-8.645822;-0.1508981;0.7155202;0
773398403;40.99636;-8.645838;-0.1508983;0.7155215;0
773935582;41.00398;-8.643867;-0.1508639;0.7156544;0
893326744;41.0066;-8.644547;-0.1508758;0.7157001;0
893326752;41.006;-8.644002;-0.1508663;0.7156898;0
907122284;40.99739;-8.642819;-0.1508457;0.7155395;0
907146393;41.00666;-8.63888;-0.1507769;0.7157013;0
907146396;41.00592;-8.638092;-0.1507632;0.7156884;0
907146404;41.00593;-8.638877;-0.1507768;0.7156885;0
913123040;41.01443;-8.639797;-0.1507929;0.7158369;0
926017876;41.00165;-8.643847;-0.1508636;0.7156138;0
926017890;41.00205;-8.643191;-0.1508521;0.7156208;0
926017891;41.0019;-8.64319;-0.1508521;0.7156181;0
926784996;40.99965;-8.642864;-0.1508464;0.7155788;0
926784999;40.99958;-8.642893;-0.1508469;0.7155776;0
926785001;40.99969;-8.642804;-0.1508454;0.7155795;0
926785002;40.99975;-8.642599;-0.1508418;0.7155806;0
926828793;41.00908;-8.645376;-0.1508903;0.7157434;0
926828796;41.00911;-8.645343;-0.1508897;0.7157439;0
1108285755;41.00396;-8.635377;-0.1507158;0.7156541;0
1163609297;41.01256;-8.644439;-0.1508739;0.7158042;0
1163609324;41.01258;-8.644526;-0.1508754;0.7158045;0
1163609435;41.01257;-8.644568;-0.1508762;0.7158044;0
1163609472;41.01254;-8.644405;-0.1508733;0.7158037;0
1163609511;41.01257;-8.644473;-0.1508745;0.7158045;0
1163609518;41.01165;-8.644437;-0.1508739;0.7157883;0
1163690602;41.00129;-8.635548;-0.1507187;0.7156074;0
1163690604;41.00074;-8.638066;-0.1507627;0.715598;0
1163690606;41.01174;-8.637905;-0.1507599;0.7157899;0
1163690608;41.0015;-8.635029;-0.1507097;0.7156111;0
1163690609;41.00041;-8.638033;-0.1507621;0.7155921;0
1163690612;41.0111;-8.643674;-0.1508606;0.7157786;0
1163690613;41.0004;-8.63502;-0.1507095;0.7155919;0
1163690616;41.01274;-8.634392;-0.1506986;0.7158074;0
1163690618;41.00125;-8.63526;-0.1507137;0.7156068;0
1163690619;41.00054;-8.638107;-0.1507634;0.7155945;0
1163690622;40.99871;-8.634381;-0.1506984;0.7155626;0
1163690625;41.01105;-8.640294;-0.1508016;0.7157779;0
1163690626;41.00121;-8.636164;-0.1507295;0.7156062;0
1163690631;41.00091;-8.635216;-0.150713;0.7156008;0
1163690643;41.0106;-8.642805;-0.1508454;0.7157701;0
1163690644;41.0013;-8.635204;-0.1507127;0.7156076;0
1163690645;40.99872;-8.634295;-0.1506969;0.7155626;0
1163690646;41.00128;-8.635323;-0.1507148;0.7156073;0
1163690647;41.00068;-8.63816;-0.1507643;0.7155969;0
1163690648;40.99871;-8.634485;-0.1507002;0.7155626;0
1163690653;41.01223;-8.636826;-0.150741;0.7157985;0
1163690654;41.00121;-8.636333;-0.1507325;0.715606;0
1163690655;41.00108;-8.635244;-0.1507134;0.7156039;0
1163690657;41.00121;-8.638097;-0.1507632;0.715606;0
1163690659;41.0003;-8.637893;-0.1507597;0.7155902;0
1163690660;41.01043;-8.64338;-0.1508554;0.715767;0
1163690664;41.01173;-8.638007;-0.1507617;0.7157898;0
1163690665;41.00129;-8.635395;-0.1507161;0.7156076;0
1163690667;41.00056;-8.638028;-0.150762;0.7155948;0
1163690668;40.99876;-8.634487;-0.1507002;0.7155634;0
1163690674;41.01274;-8.634915;-0.1507077;0.7158073;0
1163690676;41.0001;-8.637764;-0.1507574;0.7155867;0
1163690679;41.00118;-8.635251;-0.1507136;0.7156056;0
1163690686;41.00041;-8.637978;-0.1507612;0.7155921;0
1163701458;41.00452;-8.634035;-0.1506923;0.7156639;0
1163701463;41.00452;-8.633313;-0.1506797;0.7156639;0
1163701471;41.00397;-8.63332;-0.1506799;0.7156543;0
1163701474;41.00342;-8.634057;-0.1506927;0.7156447;0
1163701478;41.00381;-8.634048;-0.1506926;0.7156515;0
1163710068;41.004;-8.63397;-0.1506912;0.7156549;0
1163710070;41.00394;-8.633974;-0.1506913;0.7156537;0
1163710092;41.00397;-8.63383;-0.1506888;0.7156543;0
1163754317;41.01034;-8.637931;-0.1507603;0.7157655;0
1163754341;41.00941;-8.637947;-0.1507606;0.7157492;0
1163754346;41.01035;-8.638019;-0.1507619;0.7157656;0
1163754363;41.0094;-8.638038;-0.1507622;0.7157491;0
1163754367;41.01107;-8.637918;-0.1507601;0.7157781;0
1163754421;41.01031;-8.63558;-0.1507193;0.715765;0
1163754802;41.01099;-8.63497;-0.1507086;0.7157769;0
1163754835;41.00434;-8.644022;-0.1508666;0.7156608;0
1163754840;41.01072;-8.63463;-0.1507027;0.715772;0
1163754847;41.01013;-8.634601;-0.1507022;0.7157618;0
1163754851;41.0072;-8.634004;-0.1506918;0.7157106;0
1252555546;41.01253;-8.643975;-0.1508658;0.7158037;0
1252555549;41.01358;-8.643003;-0.1508489;0.715822;0
1252555550;41.01364;-8.643001;-0.1508488;0.7158231;0
1252555690;41.00964;-8.643386;-0.1508555;0.7157532;0
1252555691;41.00871;-8.644006;-0.1508664;0.715737;0
1254096868;41.01345;-8.63483;-0.1507062;0.7158197;0
1254096881;41.01395;-8.637463;-0.1507522;0.7158284;0
1254096883;41.01329;-8.63509;-0.1507107;0.7158169;0
1254096892;41.0132;-8.636468;-0.1507348;0.7158154;0
1254096898;41.01413;-8.637414;-0.1507513;0.7158315;0
1254096920;41.0131;-8.636061;-0.1507277;0.7158136;0
1254096930;41.01389;-8.637288;-0.1507491;0.7158275;0
1254096941;41.01315;-8.636326;-0.1507323;0.7158145;0
1254096947;41.01378;-8.637124;-0.1507463;0.7158255;0
1254096952;41.01316;-8.635426;-0.1507166;0.7158147;0
1254096955;41.01307;-8.635883;-0.1507246;0.7158132;0
1254096958;41.01332;-8.636628;-0.1507376;0.7158174;0
1254096959;41.01401;-8.637557;-0.1507538;0.7158295;0
1257471273;41.00965;-8.644257;-0.1508707;0.7157535;0
1257471275;41.00972;-8.644067;-0.1508674;0.7157546;0
1257471276;41.0096;-8.644052;-0.1508672;0.7157525;0
1257471277;41.00965;-8.64435;-0.1508724;0.7157534;0
1257471278;41.0096;-8.644011;-0.1508665;0.7157526;0
1257471279;41.00945;-8.644253;-0.1508707;0.7157499;0
1257471281;41.00946;-8.644436;-0.1508739;0.7157501;0
1257471282;41.00955;-8.644483;-0.1508747;0.7157516;0
1257471283;41.00959;-8.644464;-0.1508743;0.7157524;0
1257471284;41.00972;-8.644476;-0.1508746;0.7157546;0
1257471285;41.00965;-8.644164;-0.1508691;0.7157534;0
1257471286;41.00956;-8.644032;-0.1508668;0.7157518;0
1257471287;41.00964;-8.643996;-0.1508662;0.7157533;0
1257471288;41.00944;-8.644353;-0.1508724;0.7157498;0
1257471289;41.00963;-8.644083;-0.1508677;0.715753;0
1257471290;41.00943;-8.644049;-0.1508671;0.7157495;0
1257471291;41.00946;-8.64409;-0.1508678;0.7157501;0
1257471292;41.00937;-8.644473;-0.1508745;0.7157484;0
1257471293;41.00949;-8.644474;-0.1508745;0.7157506;0
1257471295;41.0098;-8.643996;-0.1508662;0.7157561;0
1257471296;41.00945;-8.644151;-0.1508689;0.7157499;0
1257471297;41.00963;-8.644425;-0.1508737;0.715753;0
1257471298;41.00951;-8.644034;-0.1508669;0.7157509;0
1257479092;40.99843;-8.639977;-0.1507961;0.7155576;0
1257479105;40.99982;-8.642106;-0.1508332;0.7155818;0
1257484862;41.00238;-8.636317;-0.1507322;0.7156266;0
1258977007;40.99864;-8.643147;-0.1508514;0.7155613;0
1259665597;41.00047;-8.642207;-0.150835;0.7155933;0
1259665639;41.00051;-8.64236;-0.1508376;0.7155939;0
1309227889;41.01442;-8.636194;-0.15073;0.7158367;0
1309227895;41.01422;-8.63451;-0.1507006;0.7158331;0
1309227915;41.01329;-8.637105;-0.1507459;0.715817;0
1309227921;41.01329;-8.636249;-0.150731;0.715817;0
1309227923;41.0134;-8.637953;-0.1507607;0.7158189;0
1309227957;41.01254;-8.635631;-0.1507202;0.7158039;0
1309227967;41.01274;-8.636547;-0.1507362;0.7158074;0
1309228061;41.0145;-8.639679;-0.1507908;0.7158381;0
1309228085;41.01363;-8.638387;-0.1507683;0.7158229;0
1309228140;41.01375;-8.637978;-0.1507612;0.715825;0
1309228164;41.01241;-8.636518;-0.1507357;0.7158015;0
1309228237;41.01521;-8.636189;-0.1507299;0.7158504;0
1309228400;41.01412;-8.635522;-0.1507183;0.7158314;0
1309228921;41.013;-8.63776;-0.1507574;0.715812;0
1309229354;41.01346;-8.635061;-0.1507103;0.71582;0
1309229903;41.01376;-8.635729;-0.1507219;0.7158251;0
1309229973;41.01356;-8.637891;-0.1507596;0.7158217;0
1309229987;41.01424;-8.63766;-0.1507556;0.7158336;0
1309230079;41.01368;-8.638151;-0.1507642;0.7158237;0
1309230285;41.01321;-8.637925;-0.1507602;0.7158155;0
1309231201;41.01486;-8.640666;-0.1508081;0.7158443;0
1309231222;41.01419;-8.634699;-0.1507039;0.7158327;0
1309231395;41.01388;-8.638302;-0.1507668;0.7158272;0
1309231587;41.01494;-8.642196;-0.1508348;0.7158457;0
1309231906;41.01283;-8.63713;-0.1507463;0.7158089;0
1309232325;41.01412;-8.634688;-0.1507037;0.7158314;0
1309232712;41.01287;-8.635964;-0.150726;0.7158097;0
1309232813;41.01338;-8.63717;-0.150747;0.7158185;0
1309232945;41.01346;-8.636545;-0.1507362;0.7158199;0
1309233099;41.01266;-8.63555;-0.1507188;0.7158059;0
1309233104;41.01277;-8.636317;-0.1507322;0.7158079;0
1309233324;41.01451;-8.639977;-0.1507961;0.7158383;0
1309233408;41.01354;-8.638355;-0.1507677;0.7158213;0
1309233728;41.01238;-8.636011;-0.1507268;0.7158011;0
1309234072;41.01289;-8.636724;-0.1507393;0.71581;0
1309235378;41.01337;-8.635197;-0.1507126;0.7158183;0
1309235582;41.01385;-8.635326;-0.1507149;0.7158267;0
1309235666;41.01438;-8.638029;-0.1507621;0.715836;0
1309235846;41.01371;-8.638238;-0.1507657;0.7158243;0
1309236759;41.01418;-8.634623;-0.1507026;0.7158324;0
1309236924;41.01381;-8.638456;-0.1507695;0.7158259;0
1309237173;41.01503;-8.642159;-0.1508341;0.7158473;0
1309237340;41.0127;-8.637065;-0.1507452;0.7158067;0
1309237418;41.01297;-8.637546;-0.1507536;0.7158113;0
1309237613;41.01404;-8.63475;-0.1507048;0.71583;0
1309238029;41.01278;-8.635587;-0.1507194;0.715808;0
1309238353;41.01376;-8.636207;-0.1507302;0.7158251;0
1309238369;41.01344;-8.637301;-0.1507494;0.7158195;0
1309238548;41.01364;-8.636766;-0.15074;0.7158231;0
1309238695;41.01342;-8.638076;-0.1507629;0.7158193;0
1309239090;41.01287;-8.636065;-0.1507278;0.7158097;0
1309239476;41.01457;-8.640391;-0.1508033;0.7158393;0
1309239487;41.01348;-8.638279;-0.1507664;0.7158203;0
1309239651;41.01385;-8.638097;-0.1507632;0.7158267;0
1309239823;41.01245;-8.635728;-0.1507219;0.7158024;0
1309239836;41.01411;-8.643269;-0.1508535;0.7158313;0
1309239946;41.01284;-8.636806;-0.1507407;0.715809;0
1309241225;41.01327;-8.635492;-0.1507178;0.7158166;0
1309242367;41.01445;-8.638398;-0.1507685;0.7158372;0
1309242516;41.0137;-8.638303;-0.1507668;0.7158241;0
1309243015;41.01258;-8.636791;-0.1507404;0.7158046;0
1309243102;41.0143;-8.633591;-0.1506846;0.7158346;0
1309243906;41.01301;-8.639055;-0.15078;0.7158121;0
1309243943;41.01511;-8.642175;-0.1508344;0.7158486;0
1309245880;41.01372;-8.636175;-0.1507297;0.7158244;0
1309245926;41.01348;-8.637612;-0.1507548;0.7158203;0
1309246348;41.01389;-8.637026;-0.1507445;0.7158273;0
1309246372;41.01361;-8.638103;-0.1507633;0.7158226;0
1309246546;41.01306;-8.637843;-0.1507588;0.7158129;0
1309247172;41.01464;-8.640513;-0.1508054;0.7158405;0
1309247589;41.01301;-8.638937;-0.1507779;0.7158121;0
1309247607;41.01396;-8.642714;-0.1508438;0.7158287;0
1309247964;41.01284;-8.636909;-0.1507425;0.7158092;0
1309248431;41.01425;-8.634237;-0.1506959;0.7158337;0
1309248656;41.01252;-8.635672;-0.1507209;0.7158036;0
1309249261;41.01321;-8.637113;-0.150746;0.7158156;0
1309249463;41.01323;-8.635838;-0.1507238;0.7158158;0
1309249775;41.01276;-8.636682;-0.1507385;0.7158076;0
1309250814;41.01447;-8.638766;-0.1507749;0.7158375;0
1309251224;41.01366;-8.638354;-0.1507677;0.7158235;0
1309252064;41.01243;-8.636616;-0.1507374;0.7158019;0
1309253590;41.01263;-8.636983;-0.1507438;0.7158054;0
1309253702;41.01382;-8.634844;-0.1507065;0.7158263;0
1309254088;41.01373;-8.635885;-0.1507246;0.7158247;0
1309254295;41.01357;-8.637816;-0.1507583;0.7158219;0
1309255632;41.01476;-8.640616;-0.1508072;0.7158426;0
1309255648;41.01405;-8.636197;-0.1507301;0.7158303;0
1309255764;41.01389;-8.638211;-0.1507652;0.7158273;0
1309255907;41.01403;-8.642679;-0.1508432;0.7158298;0
1309256103;41.01294;-8.637125;-0.1507463;0.7158108;0
1309256150;41.01302;-8.637245;-0.1507484;0.7158122;0
1309553792;41.01009;-8.632959;-0.1506736;0.7157612;0
1309554106;41.00893;-8.634002;-0.1506918;0.7157409;0
1309554415;41.00983;-8.632838;-0.1506715;0.7157566;0
1309554680;41.00965;-8.632242;-0.1506611;0.7157534;0
1309555798;41.00886;-8.634182;-0.1506949;0.7157397;0
1309556277;41.01032;-8.633146;-0.1506768;0.7157651;0
1309558099;41.00882;-8.632771;-0.1506703;0.715739;0
1309559362;41.00989;-8.632977;-0.1506739;0.7157575;0
1309559909;41.01032;-8.633974;-0.1506913;0.7157651;0
1309560912;41.00882;-8.633592;-0.1506846;0.7157388;0
1309561302;41.01025;-8.632989;-0.1506741;0.7157639;0
1309562459;41.00886;-8.633979;-0.1506914;0.7157396;0
1309563261;41.00881;-8.633144;-0.1506768;0.7157387;0
1309563467;41.0098;-8.632767;-0.1506702;0.7157561;0
1309564244;41.01032;-8.633467;-0.1506824;0.7157651;0
1309564272;41.0096;-8.632025;-0.1506573;0.7157525;0
1502290200;41.00177;-8.64347;-0.150857;0.7156158;0
1524892962;41.01043;-8.64493;-0.1508825;0.715767;0
1524892964;41.01043;-8.644457;-0.1508742;0.7157671;0
1524892971;41.01104;-8.64445;-0.1508741;0.7157777;0
1524901217;41.00937;-8.644011;-0.1508665;0.7157485;0
1524901218;41.00942;-8.644423;-0.1508736;0.7157494;0
1524901219;41.00942;-8.643986;-0.150866;0.7157494;0
1524901220;41.00948;-8.644004;-0.1508663;0.7157504;0
1524901221;41.00967;-8.644402;-0.1508733;0.7157537;0
1524901222;41.00967;-8.644126;-0.1508685;0.7157539;0
1524901223;41.0097;-8.64444;-0.1508739;0.7157544;0
1524931193;41.00548;-8.632969;-0.1506737;0.7156807;0
1524931200;41.00548;-8.63276;-0.1506701;0.7156807;0
1547600964;41.00843;-8.62891;-0.1506029;0.7157322;0
1547680294;41.00596;-8.644082;-0.1508677;0.7156891;0
1547680300;41.00597;-8.644515;-0.1508753;0.7156891;0
1547680415;41.00861;-8.643897;-0.1508645;0.7157353;0
1547680416;41.00869;-8.643819;-0.1508631;0.7157367;0
1547680417;41.00864;-8.643981;-0.1508659;0.7157357;0
1563324298;41.00983;-8.6442;-0.1508698;0.7157565;0
1563324299;41.00989;-8.644156;-0.150869;0.7157576;0
1563324304;41.01197;-8.644134;-0.1508686;0.7157938;0
1563324306;41.01236;-8.644128;-0.1508685;0.7158006;0
1563324309;41.01255;-8.644108;-0.1508681;0.715804;0
1563324310;41.01265;-8.644072;-0.1508675;0.7158058;0
1563324312;41.01267;-8.643973;-0.1508658;0.7158062;0
1563326049;41.00592;-8.639162;-0.1507818;0.7156884;0
1563326054;41.00666;-8.639156;-0.1507817;0.7157013;0
1563326055;41.00721;-8.639693;-0.1507911;0.7157109;0
1563326056;41.00721;-8.639121;-0.1507811;0.7157109;0
1563326058;41.00742;-8.639693;-0.1507911;0.7157146;0
1563326059;41.00743;-8.63912;-0.1507811;0.7157146;0
1563339998;41.00914;-8.64233;-0.1508371;0.7157446;0
1563339999;41.00918;-8.642265;-0.150836;0.7157453;0
1563340000;41.00977;-8.643305;-0.1508541;0.7157555;0
1563340001;41.01008;-8.642849;-0.1508462;0.7157609;0
1564682239;41.01315;-8.643941;-0.1508652;0.7158144;0
1564682242;41.01327;-8.6439;-0.1508645;0.7158166;0
1564682243;41.01347;-8.643799;-0.1508628;0.7158201;0
1564682246;41.01362;-8.64369;-0.1508608;0.7158227;0
1564682247;41.01381;-8.64352;-0.1508579;0.7158261;0
1564682255;41.01453;-8.640201;-0.1507999;0.7158386;0
1595004587;41.01058;-8.638021;-0.1507619;0.7157697;0
1595004591;41.01065;-8.638181;-0.1507647;0.7157708;0
1595004593;41.01072;-8.638185;-0.1507648;0.7157722;0
1595004596;41.01081;-8.638336;-0.1507674;0.7157737;0
1595004599;41.01083;-8.638191;-0.1507649;0.715774;0
1595004601;41.01083;-8.638352;-0.1507677;0.7157741;0
1595004603;41.01086;-8.638014;-0.1507618;0.7157746;0
1595004604;41.01095;-8.638189;-0.1507648;0.7157761;0
1595004606;41.01108;-8.638187;-0.1507648;0.7157784;0
1595004609;41.0111;-8.638347;-0.1507676;0.7157788;0
1595004611;41.01114;-8.638308;-0.1507669;0.7157794;0
1595004612;41.01114;-8.63825;-0.1507659;0.7157794;0
1602335208;40.99648;-8.645855;-0.1508986;0.7155235;0
1602335209;40.99735;-8.642338;-0.1508372;0.7155387;0
1602335210;40.99743;-8.640007;-0.1507966;0.7155401;0
1602335212;41.00159;-8.643904;-0.1508646;0.7156128;0
1602335216;41.00217;-8.643014;-0.150849;0.7156229;0
1602346487;41.00238;-8.636567;-0.1507365;0.7156265;0
1602346489;41.00398;-8.645865;-0.1508988;0.7156545;0
1602346501;41.00463;-8.644551;-0.1508759;0.7156658;0
1602346510;41.0047;-8.64584;-0.1508984;0.715667;0
1635359411;41.00797;-8.645607;-0.1508943;0.7157241;0
1635359415;41.008;-8.645628;-0.1508947;0.7157246;0
1635359418;41.00821;-8.645622;-0.1508946;0.7157282;0
1635359420;41.00838;-8.63442;-0.1506991;0.7157312;0
1635359422;41.01046;-8.634542;-0.1507012;0.7157676;0
1635371326;41.00659;-8.644065;-0.1508674;0.7157;0
1635371328;41.0066;-8.644526;-0.1508754;0.7157001;0
1635381594;41.01165;-8.644902;-0.150882;0.7157883;0
1635381596;41.01166;-8.644935;-0.1508826;0.7157885;0
1635405517;41.00921;-8.639333;-0.1507848;0.7157458;0
1635405519;41.00921;-8.639432;-0.1507865;0.7157458;0
1635405529;41.0093;-8.639431;-0.1507865;0.7157472;0
1635405530;41.0093;-8.639332;-0.1507848;0.7157474;0
1635405532;41.00934;-8.639379;-0.1507856;0.715748;0
1635405538;41.0094;-8.639378;-0.1507856;0.7157491;0
1635406837;41.00822;-8.642934;-0.1508477;0.7157284;0
1637358145;41.00844;-8.629707;-0.1506168;0.7157323;0
1637358302;41.00842;-8.627553;-0.1505792;0.715732;0
1637358303;41.00843;-8.628199;-0.1505905;0.7157322;0
1645705807;41.0018;-8.6434;-0.1508558;0.7156164;0
1645705851;41.00232;-8.64644;-0.1509088;0.7156255;0
1645705880;41.00266;-8.646193;-0.1509045;0.7156315;0
1645705881;41.00266;-8.64642;-0.1509085;0.7156315;0
1645705882;41.00297;-8.64628;-0.1509061;0.7156368;0
1645705884;41.00297;-8.646401;-0.1509082;0.7156368;0
1645706012;41.00836;-8.634234;-0.1506958;0.7157309;0
1645706015;41.00837;-8.634185;-0.150695;0.7157311;0
1645706019;41.00837;-8.634285;-0.1506967;0.7157311;0
1645706022;41.00839;-8.634142;-0.1506942;0.7157314;0
1645706025;41.00839;-8.634327;-0.1506974;0.7157314;0
1645706033;41.00843;-8.634439;-0.1506994;0.7157322;0
1645706035;41.00846;-8.634102;-0.1506935;0.7157327;0
1645706038;41.00846;-8.634364;-0.1506981;0.7157327;0
1645706041;41.0085;-8.634427;-0.1506992;0.7157333;0
1645706060;41.0085;-8.634111;-0.1506937;0.7157333;0
1645706064;41.0085;-8.634354;-0.1506979;0.7157333;0
1645706067;41.00853;-8.634139;-0.1506942;0.7157339;0
1645706071;41.00853;-8.634325;-0.1506974;0.7157339;0
1645706074;41.00856;-8.634232;-0.1506958;0.7157344;0
1645706181;41.00929;-8.645993;-0.150901;0.7157472;0
1645706183;41.00937;-8.646411;-0.1509083;0.7157484;0
1645706187;41.00938;-8.646858;-0.1509161;0.7157487;0
1645706188;41.00939;-8.646286;-0.1509062;0.7157489;0
1645706190;41.00939;-8.646411;-0.1509083;0.7157489;0
1645706196;41.00944;-8.645984;-0.1509009;0.7157498;0
1645706227;41.00946;-8.646011;-0.1509014;0.7157501;0
1645706228;41.00946;-8.64605;-0.150902;0.7157501;0
1645706229;41.00948;-8.646254;-0.1509056;0.7157504;0
1645706230;41.00948;-8.646414;-0.1509084;0.7157504;0
1645706263;41.00966;-8.646403;-0.1509082;0.7157536;0
1645706273;41.01003;-8.645945;-0.1509002;0.71576;0
1645706299;41.01005;-8.645825;-0.1508981;0.7157604;0
1645706304;41.01012;-8.646026;-0.1509016;0.7157615;0
1645706307;41.01012;-8.645896;-0.1508994;0.7157615;0
1645706322;41.01025;-8.645776;-0.1508972;0.715764;0
1645706443;41.01302;-8.644345;-0.1508723;0.7158121;0
1645706497;41.01339;-8.644232;-0.1508703;0.7158188;0
1645706503;41.01349;-8.644391;-0.1508731;0.7158204;0
1645706507;41.0135;-8.644167;-0.1508692;0.7158207;0
1645706569;41.01436;-8.644366;-0.1508726;0.7158356;0
1645706571;41.01442;-8.644304;-0.1508716;0.7158366;0
1645706577;41.01467;-8.643888;-0.1508643;0.7158411;0
1646529632;41.00911;-8.644629;-0.1508773;0.7157439;0
1646529633;41.00911;-8.644543;-0.1508757;0.7157441;0
1646529634;41.00914;-8.644492;-0.1508749;0.7157444;0
1646529635;41.00925;-8.644944;-0.1508827;0.7157464;0
1650252105;41.00147;-8.637331;-0.1507499;0.7156107;0
1650252107;41.00147;-8.637432;-0.1507516;0.7156107;0
1650252109;41.00154;-8.637185;-0.1507473;0.7156119;0
1650252111;41.00166;-8.637445;-0.1507519;0.715614;0
1650252113;41.00167;-8.637346;-0.1507501;0.7156141;0
1650252128;41.002;-8.637456;-0.150752;0.7156199;0
1650252130;41.00201;-8.637373;-0.1507506;0.71562;0
1650252148;41.00238;-8.637745;-0.1507571;0.7156265;0
1650252149;41.00238;-8.637403;-0.1507511;0.7156266;0
1650252150;41.00239;-8.63719;-0.1507474;0.7156267;0
1650252151;41.0024;-8.63699;-0.1507439;0.7156268;0
1650252154;41.00247;-8.637745;-0.1507571;0.7156281;0
1650252156;41.00247;-8.63789;-0.1507596;0.7156281;0
1650252187;41.00252;-8.636992;-0.1507439;0.7156289;0
1650252188;41.00252;-8.636899;-0.1507423;0.715629;0
1650252194;41.00253;-8.636793;-0.1507405;0.7156292;0
1650252198;41.00255;-8.636646;-0.1507379;0.7156295;0
1650252199;41.00256;-8.636545;-0.1507362;0.7156298;0
1650252201;41.00262;-8.636479;-0.150735;0.7156308;0
1650252224;41.00278;-8.637449;-0.1507519;0.7156336;0
1650252225;41.00279;-8.637214;-0.1507478;0.7156337;0
1650252232;41.00289;-8.637115;-0.1507461;0.7156354;0
1650252234;41.00296;-8.636472;-0.1507349;0.7156366;0
1650252240;41.00301;-8.636998;-0.1507441;0.7156375;0
1650252242;41.00301;-8.636804;-0.1507407;0.7156376;0
1650252244;41.00302;-8.636653;-0.150738;0.7156377;0
1650252246;41.00302;-8.636568;-0.1507366;0.7156377;0
1650252257;41.00306;-8.63789;-0.1507596;0.7156383;0
1650252267;41.00316;-8.637118;-0.1507462;0.7156401;0
1650252272;41.00316;-8.637449;-0.1507519;0.7156401;0
1650253210;41.0024;-8.636856;-0.1507416;0.7156269;0
1652362086;40.99956;-8.643749;-0.1508619;0.7155774;0
1652362088;41.00014;-8.646243;-0.1509054;0.7155874;0
1652362089;41.00027;-8.644364;-0.1508726;0.7155897;0
1652362091;41.00033;-8.643943;-0.1508653;0.7155908;0
1652362092;41.00035;-8.643829;-0.1508633;0.7155911;0
1652362093;41.00038;-8.6436;-0.1508593;0.7155917;0
1652362094;41.00056;-8.643883;-0.1508642;0.7155948;0
1681886997;41.00777;-8.639412;-0.1507862;0.7157205;0
1681886999;41.00777;-8.639367;-0.1507854;0.7157207;0
1681887000;41.00777;-8.63946;-0.150787;0.7157207;0
1681887001;41.00779;-8.639337;-0.1507849;0.715721;0
1681887002;41.00779;-8.63949;-0.1507875;0.715721;0
1681887003;41.00782;-8.639315;-0.1507845;0.7157215;0
1681887004;41.00782;-8.639508;-0.1507879;0.7157215;0
1681887005;41.00785;-8.639693;-0.1507911;0.715722;0
1681887006;41.00785;-8.63951;-0.1507879;0.715722;0
1681887008;41.00785;-8.639312;-0.1507844;0.715722;0
1681887009;41.00785;-8.639118;-0.1507811;0.715722;0
1681887011;41.00826;-8.639116;-0.150781;0.7157291;0
1681887012;41.00826;-8.639692;-0.1507911;0.7157291;0
1681887013;41.00826;-8.638681;-0.1507734;0.7157291;0
1681887014;41.00826;-8.63882;-0.1507758;0.7157292;0
1681887015;41.00827;-8.639084;-0.1507805;0.7157293;0
1681887016;41.00849;-8.638674;-0.1507733;0.7157331;0
1790059181;40.99782;-8.640716;-0.1508089;0.715547;0
1790059182;40.99785;-8.640805;-0.1508105;0.7155475;0
1790059184;40.99802;-8.64153;-0.1508231;0.7155504;0
1790059187;40.99802;-8.641086;-0.1508154;0.7155505;0
1790059189;40.99802;-8.641624;-0.1508248;0.7155505;0
1790059191;40.99805;-8.641279;-0.1508188;0.715551;0
1790059193;40.99805;-8.641194;-0.1508173;0.715551;0
1790059196;40.99807;-8.641677;-0.1508257;0.7155514;0
1790059198;40.99855;-8.642646;-0.1508426;0.7155597;0
1790059213;40.99867;-8.641826;-0.1508283;0.7155617;0
1790059243;40.99963;-8.642066;-0.1508325;0.7155786;0
1790059245;40.9997;-8.642103;-0.1508332;0.7155797;0
1790059248;40.99974;-8.642167;-0.1508343;0.7155805;0
1790059249;40.99979;-8.642294;-0.1508365;0.7155814;0
1790067683;40.99245;-8.641093;-0.1508155;0.7154533;0
1790095547;41.00126;-8.635664;-0.1507208;0.715607;0
1790095550;41.00317;-8.635594;-0.1507196;0.7156403;0
1790095551;41.00319;-8.635502;-0.1507179;0.7156406;0
1790095552;41.00322;-8.635442;-0.1507169;0.7156412;0
1790095553;41.00327;-8.635406;-0.1507163;0.715642;0
1790097571;41.0029;-8.634516;-0.1507007;0.7156355;0
1790097572;41.00374;-8.634241;-0.1506959;0.7156503;0
1790097573;41.00374;-8.634332;-0.1506975;0.7156503;0
1790097574;41.00379;-8.634508;-0.1507006;0.7156511;0
1790097575;41.00379;-8.63431;-0.1506971;0.7156511;0
1790097576;41.00382;-8.634143;-0.1506942;0.7156516;0
1790097577;41.00391;-8.634501;-0.1507005;0.7156532;0
1790097578;41.00402;-8.634502;-0.1507005;0.7156551;0
1790097579;41.00403;-8.634062;-0.1506928;0.7156554;0
1824641449;41.01207;-8.637525;-0.1507532;0.7157956;0
2211502009;41.00949;-8.644944;-0.1508827;0.7157507;0
2488354284;41.00185;-8.63827;-0.1507663;0.7156172;0
2488354285;41.00206;-8.638273;-0.1507663;0.7156209;0
2488354286;41.00211;-8.638169;-0.1507645;0.7156218;0
2851243940;41.00031;-8.637949;-0.1507607;0.7155904;0
3012788882;41.0094;-8.634568;-0.1507016;0.715749;0
3105978431;41.00711;-8.634006;-0.1506918;0.7157091;0
3105978443;41.00854;-8.635245;-0.1507135;0.715734;0
3105978448;41.00669;-8.634301;-0.150697;0.7157017;0
3105978449;41.00846;-8.633869;-0.1506894;0.7157327;0
3105978457;41.00843;-8.628373;-0.1505935;0.7157322;0
3105978458;41.00846;-8.635112;-0.1507111;0.7157327;0
3105978459;41.00669;-8.634212;-0.1506954;0.7157017;0
3105978465;41.00845;-8.632013;-0.1506571;0.7157325;0
3105978470;41.00845;-8.6315;-0.1506481;0.7157325;0
3105978475;41.00753;-8.633885;-0.1506897;0.7157165;0
3105978483;41.00669;-8.634009;-0.1506919;0.7157017;0
3105978484;41.00843;-8.628706;-0.1505993;0.7157322;0
3105978486;41.00839;-8.63525;-0.1507135;0.7157314;0
3105978488;41.00844;-8.629798;-0.1506184;0.7157323;0
3105978489;41.00828;-8.634432;-0.1506993;0.7157295;0
3105978492;41.00766;-8.633999;-0.1506917;0.7157186;0
3588634110;41.01324;-8.635662;-0.1507207;0.715816;0
3588634111;41.01325;-8.636052;-0.1507275;0.7158162;0
3588634112;41.01331;-8.635329;-0.1507149;0.7158173;0
3588634113;41.01334;-8.636381;-0.1507333;0.7158179;0
3588634114;41.01361;-8.634941;-0.1507082;0.7158225;0
3588636395;41.01368;-8.642969;-0.1508483;0.7158237;0
4090279340;40.99572;-8.641925;-0.15083;0.7155103;0
4090279428;40.99893;-8.636737;-0.1507395;0.7155663;0
4090279455;41.00012;-8.63959;-0.1507893;0.7155871;0
4090279480;41.00175;-8.638174;-0.1507646;0.7156156;0
4090279518;41.00842;-8.627061;-0.1505706;0.715732;0
4181898626;41.00412;-8.63418;-0.1506949;0.7156569;0
4181898627;41.00414;-8.634285;-0.1506967;0.7156572;0
4181898628;41.0041;-8.634429;-0.1506992;0.7156565;0
4181898629;41.00379;-8.634254;-0.1506962;0.7156511;0
4181898630;41.00398;-8.634046;-0.1506925;0.7156545;0
4340684423;40.99766;-8.64289;-0.1508469;0.7155441;0
4340684429;40.99998;-8.646252;-0.1509056;0.7155848;0
4340684430;41.00002;-8.645826;-0.1508981;0.7155854;0
4340684431;41.00003;-8.645876;-0.150899;0.7155856;0
4340684432;41.00009;-8.645337;-0.1508896;0.7155865;0
4340684444;41.00032;-8.644611;-0.1508769;0.7155906;0
4340684446;41.00047;-8.644612;-0.150877;0.7155932;0
4340684447;41.00134;-8.645603;-0.1508942;0.7156083;0
4340684448;41.00139;-8.645617;-0.1508945;0.7156093;0
4340684451;41.00204;-8.645793;-0.1508975;0.7156207;0
4340684452;41.00206;-8.645818;-0.150898;0.7156209;0
4340684453;41.00212;-8.645823;-0.1508981;0.7156221;0
4340684474;41.00763;-8.64468;-0.1508781;0.7157182;0
4340684475;41.00763;-8.644852;-0.1508811;0.7157182;0
4340684476;41.00763;-8.644974;-0.1508833;0.7157182;0
4340684477;41.00782;-8.644677;-0.1508781;0.7157215;0
4340684478;41.00783;-8.644849;-0.1508811;0.7157216;0
4340684709;41.0106;-8.64272;-0.1508439;0.7157701;0
4340684710;41.0107;-8.642443;-0.1508391;0.7157718;0
4340684711;41.01412;-8.641575;-0.1508239;0.7158314;0
4340684714;41.01441;-8.641581;-0.150824;0.7158365;0
4340684715;41.01451;-8.641644;-0.1508251;0.7158382;0
4629729322;41.00589;-8.641388;-0.1508207;0.7156878;0
4629729323;41.00539;-8.641388;-0.1508207;0.715679;0
4629729324;41.00539;-8.640901;-0.1508122;0.7156791;0
4629729325;41.00589;-8.640897;-0.1508121;0.7156878;0
4629729326;41.00575;-8.64124;-0.1508181;0.7156853;0
4629729327;41.00569;-8.641295;-0.1508191;0.7156842;0
4629729328;41.00562;-8.641293;-0.150819;0.715683;0
4629729329;41.00556;-8.641243;-0.1508181;0.7156821;0
4629729330;41.00554;-8.641147;-0.1508165;0.7156816;0
4629729331;41.00556;-8.641047;-0.1508147;0.715682;0
4629729332;41.00561;-8.640996;-0.1508138;0.7156829;0
4629729333;41.00569;-8.640995;-0.1508138;0.7156842;0
4629729334;41.00574;-8.641045;-0.1508147;0.7156852;0
4629729335;41.00578;-8.641138;-0.1508163;0.7156858;0
4629790759;41.00565;-8.641294;-0.150819;0.7156836;0
4629790760;41.00565;-8.641388;-0.1508207;0.7156836;0
4629790761;41.00565;-8.640995;-0.1508138;0.7156836;0
4629790762;41.00565;-8.640899;-0.1508121;0.7156836;0
4629790763;41.00565;-8.641207;-0.1508175;0.7156836;0
4629790764;41.00563;-8.64119;-0.1508172;0.7156832;0
4629790765;41.00561;-8.641164;-0.1508168;0.7156829;0
4629790766;41.00561;-8.64113;-0.1508162;0.7156829;0
4629790767;41.00562;-8.641102;-0.1508157;0.7156831;0
4629790768;41.00565;-8.641082;-0.1508153;0.7156836;0
4629790769;41.00568;-8.6411;-0.1508157;0.7156841;0
4629790770;41.00569;-8.641128;-0.1508161;0.7156844;0
4629790771;41.00569;-8.641159;-0.1508167;0.7156844;0
4629790772;41.00568;-8.641186;-0.1508171;0.7156841;0
4706684606;41.00019;-8.638918;-0.1507776;0.7155884;0
4706684630;41.00014;-8.639433;-0.1507865;0.7155874;0
4706684631;40.99949;-8.639327;-0.1507847;0.715576;0
4706684632;40.9994;-8.639948;-0.1507955;0.7155746;0
4706684633;41.00005;-8.639419;-0.1507863;0.7155858;0
4706684634;41.00014;-8.638674;-0.1507733;0.7155875;0
4706684635;40.99992;-8.638687;-0.1507735;0.7155837;0
4706684636;40.99985;-8.639386;-0.1507857;0.7155824;0
4997129257;41.00733;-8.645955;-0.1509004;0.715713;0
5319058936;41.01429;-8.633729;-0.150687;0.7158343;0
5319058938;41.01357;-8.633477;-0.1506826;0.7158217;0
5319058939;41.01349;-8.633525;-0.1506834;0.7158204;0
5319058940;41.01307;-8.633924;-0.1506904;0.715813;0
5319058941;41.01313;-8.633856;-0.1506892;0.7158142;0
5319058942;41.01316;-8.633825;-0.1506887;0.7158147;0
5319058943;41.01319;-8.633796;-0.1506882;0.7158152;0
5319058944;41.01322;-8.633761;-0.1506876;0.7158158;0
5319058945;41.01331;-8.633665;-0.1506859;0.7158173;0
5319058946;41.01273;-8.634726;-0.1507044;0.7158073;0
5319058947;41.01278;-8.634285;-0.1506967;0.715808;0
5319058948;41.01287;-8.63415;-0.1506943;0.7158096;0
5319058949;41.01242;-8.635537;-0.1507186;0.7158018;0
5319058950;41.01239;-8.635599;-0.1507196;0.7158012;0
5319058951;41.01237;-8.63563;-0.1507202;0.715801;0
5319058952;41.01233;-8.635712;-0.1507216;0.7158002;0
5319058953;41.01232;-8.635758;-0.1507224;0.7158;0
5319058954;41.01228;-8.635997;-0.1507266;0.7157994;0
5319058955;41.01227;-8.636107;-0.1507285;0.7157992;0
5319058956;41.01256;-8.635328;-0.1507149;0.7158042;0
5319058957;41.01253;-8.635366;-0.1507156;0.7158037;0
5319058958;41.0125;-8.63541;-0.1507163;0.7158031;0
5319058959;41.01225;-8.636297;-0.1507318;0.7157989;0
5319058960;41.01225;-8.636493;-0.1507352;0.7157988;0
5319058961;41.01191;-8.637731;-0.1507568;0.7157929;0
5319058962;41.01176;-8.638168;-0.1507645;0.7157903;0
5319058963;41.01178;-8.638096;-0.1507632;0.7157906;0
5319058964;41.01166;-8.638003;-0.1507616;0.7157885;0
5319058965;41.01166;-8.637907;-0.1507599;0.7157885;0
5319058966;41.01162;-8.637908;-0.1507599;0.7157877;0
5319058967;41.00863;-8.63806;-0.1507626;0.7157356;0
5319058968;41.00862;-8.637962;-0.1507609;0.7157354;0
5319058969;41.00834;-8.638062;-0.1507626;0.7157305;0
5319058970;41.00834;-8.637967;-0.150761;0.7157305;0
5319058971;41.00849;-8.638206;-0.1507652;0.7157331;0
5319058972;41.00848;-8.637829;-0.1507585;0.7157331;0
5319058973;41.00867;-8.638056;-0.1507625;0.7157363;0
5319058974;41.0083;-8.637968;-0.150761;0.7157298;0
5319058975;41.00848;-8.637773;-0.1507576;0.7157331;0
5319058978;41.00735;-8.638085;-0.150763;0.7157133;0
5319058979;41.00735;-8.637988;-0.1507613;0.7157133;0
5319058980;41.00721;-8.638216;-0.1507653;0.7157108;0
5319058981;41.00707;-8.638086;-0.150763;0.7157084;0
5319058982;41.00706;-8.637993;-0.1507614;0.7157083;0
5319058983;41.00721;-8.637877;-0.1507594;0.7157108;0
5319058984;41.00702;-8.637994;-0.1507614;0.7157075;0
5319058985;41.00739;-8.638073;-0.1507628;0.715714;0
5319058986;41.00721;-8.638262;-0.1507661;0.7157108;0
5319058989;41.0041;-8.638125;-0.1507637;0.7156566;0
5319058990;41.0041;-8.638044;-0.1507623;0.7156566;0
5319058991;41.00397;-8.638258;-0.150766;0.7156543;0
5319058992;41.00397;-8.637924;-0.1507602;0.7156543;0
5319058993;41.00382;-8.63813;-0.1507638;0.7156517;0
5319058994;41.00382;-8.638049;-0.1507624;0.7156516;0
5319058995;41.00415;-8.638124;-0.1507637;0.7156574;0
5319058996;41.00397;-8.638344;-0.1507675;0.7156543;0
5319058997;41.00397;-8.637806;-0.1507581;0.7156543;0
5319058998;41.00378;-8.638049;-0.1507624;0.715651;0
5319059001;41.00249;-8.638148;-0.1507641;0.7156286;0
5319059002;41.00249;-8.638073;-0.1507628;0.7156286;0
5319059003;41.00237;-8.63791;-0.15076;0.7156263;0
5319059004;41.00235;-8.638294;-0.1507667;0.715626;0
5319059005;41.0022;-8.638165;-0.1507644;0.7156234;0
5319059006;41.0022;-8.638079;-0.1507629;0.7156234;0
5319059007;41.00254;-8.638147;-0.1507641;0.7156293;0
5319059008;41.00216;-8.638079;-0.1507629;0.7156226;0
5319059009;41.00235;-8.638337;-0.1507674;0.7156259;0
5319059010;41.00237;-8.637852;-0.150759;0.7156264;0
5319059013;41.00109;-8.638188;-0.1507648;0.715604;0
5319059014;41.00109;-8.638092;-0.1507632;0.715604;0
5319059015;41.00092;-8.63834;-0.1507675;0.715601;0
5319059016;41.00027;-8.638285;-0.1507665;0.7155898;0
5339432923;41.00938;-8.638931;-0.1507778;0.7157487;0
5340745156;41.00495;-8.632915;-0.1506728;0.7156714;0
5340745157;41.00495;-8.634029;-0.1506922;0.7156714;0
5340745159;41.00548;-8.632914;-0.1506728;0.7156807;0
5340745160;41.00495;-8.633626;-0.1506852;0.7156714;0
5340745163;41.00495;-8.633236;-0.1506784;0.7156714;0
5371490185;41.00358;-8.6439;-0.1508645;0.7156475;0
1100;41.004;-8.63397;1
1101;41.004;-8.63383;1
1102;41.0039;-8.63397;1
1103;41.0039;-8.63407;1
1104;41.0039;-8.63405;1
1105;41.004;-8.63405;1
1106;41.004;-8.63406;1
1107;41.0041;-8.63409;1
1108;41.0041;-8.63404;1
1109;41.0025;-8.6369;1
1110;41.0025;-8.63699;1
1111;41.0024;-8.63699;1
1112;41.0024;-8.63686;1
1113;41.0024;-8.6367;1
1114;41.0024;-8.63657;1
1115;41.0038;-8.63451;1
1116;41.0039;-8.63447;1
1117;41.0038;-8.63443;1
1118;41.0038;-8.63437;1
1119;41.0038;-8.63431;1
1120;41.0038;-8.63425;1
1121;41.0038;-8.6342;1
1122;41.0038;-8.63414;1
1123;41.0094;-8.64136;1
1124;41.0094;-8.64076;1
1125;41.0104;-8.64074;1
1126;41.0104;-8.6398;1
1127;41.0112;-8.63979;1
1128;41.0111;-8.64011;1
1129;41.011;-8.64029;1
1130;41.011;-8.64074;1
1131;41.0108;-8.64073;1
1132;41.0139;-8.63729;1
1133;41.0138;-8.63712;1
1134;41.0133;-8.63663;1
1135;41.0132;-8.63647;1
1136;41.0129;-8.63672;1
1137;41.0128;-8.63681;1
1138;41.0128;-8.63668;1
1139;41.0127;-8.63655;1
1140;41.0128;-8.63632;1
1141;41.0093;-8.63943;1
1142;41.0093;-8.63938;1
1143;41.0093;-8.63933;1
1144;41.0092;-8.63933;1
1145;41.0092;-8.63943;1
1146;41.0085;-8.63783;1
1147;41.0085;-8.63777;1
1148;41.0085;-8.6371;1
1149;41.0094;-8.63708;1
1150;41.0094;-8.63625;1
1151;41.0094;-8.6354;1
1152;41.0095;-8.63537;1
1153;41.0102;-8.63512;1
1154;41.0101;-8.63471;1
1155;41.0117;-8.63891;2
1156;41.0111;-8.63825;2
1157;41.0106;-8.63818;2
1158;41.0111;-8.63835;2
1159;41.0123;-8.63622;2
1160;41.0125;-8.63541;2
1161;41.0142;-8.63462;2
1162;41.0141;-8.63469;2
1163;41.0138;-8.63573;2
1164;41.0059;-8.63628;2
1165;41.0059;-8.63715;2
1166;41.0059;-8.63801;2
1167;41.0066;-8.638;2
1168;41.0055;-8.63297;2
1169;41.005;-8.63324;2
1170;41.0055;-8.63276;2
1171;41.005;-8.63292;2
1172;41.0144;-8.6443;2
1173;41.0144;-8.64437;2
1174;41.0135;-8.64439;2
1175;41.0128;-8.64397;2
1176;41.004;-8.64396;2
1177;41.0046;-8.64455;2
1178;41.0053;-8.64457;2
1179;41.006;-8.64456;2