8366889;1676280555;3130312334;
8366889;3130312334;25620759;
8366893;747467609;25620516;
8366893;25620516;25620518;
8366896;25620516;2379077834;
8366896;2379077834;2379077831;
8366896;2379077831;25620692;
8366896;25620692;2378366854;
8366896;2378366854;1386051842;
8366901;25620948;1386051850;
8366901;1386051850;3442647353;
8366901;3442647353;1386051854;
8367058;25632225;2848372007;
8367058;2848372007;25632226;
8367058;25632226;25632228;
8367070;25632292;2884840234;
8367070;2884840234;2692624395;
8367070;2692624395;974882842;
8367070;974882842;974882854;
8367070;974882854;25632278;
8367089;2247375546;1387283705;
8367089;1387283705;2383470264;
8367098;25620570;2914696272;
8367098;2914696272;3130312342;
8367098;3130312342;25632376;
8367104;2912188495;2912188486;
8367104;2912188486;2912188492;
8367104;2912188492;2912188490;
8367104;2912188490;2912188496;
8367104;2912188496;2937870610;
8367104;2937870610;129533454;
8367104;129533454;25632417;
8367104;25632417;3392939485;
8367104;3392939485;2937870609;
8367104;2937870609;3690635855;
8367104;3690635855;25632401;
8367104;25632401;1209790922;
8367104;1209790922;25632402;
8367104;25632402;3392939470;
8367104;3392939470;3694518900;
8367104;3694518900;2366154047;
8367104;2366154047;25632403;
8367104;25632403;2366154016;
8367104;2366154016;2366098060;
8367104;2366098060;25632404;
8367104;25632404;3392939463;
8367104;3392939463;3392939462;
8367104;3392939462;1278184346;
13836129;452682265;2904508475;
13836129;2904508475;2904508476;
13836129;2904508476;2904508477;
13836129;2904508477;3130312330;
13836129;3130312330;25632376;
14326464;129557542;2214758555;
14326464;2214758555;2247054929;
14326464;2247054929;2681412872;
14326464;2681412872;3130311624;
14326464;3130311624;2086439968;
14326464;2086439968;2086439969;
14326464;2086439969;2086440304;
14326464;2086440304;4529953563;
14326464;4529953563;129557601;
14326464;129557601;2213587968;
14326464;2213587968;2213587966;
14326464;2213587966;1684844050;
14326464;1684844050;129544876;
14326487;2247054934;2681412874;
14326487;2681412874;2247054935;
14326487;2247054935;3130311625;
14326487;3130311625;4327756510;
14326493;128680158;2247390934;
14326493;2247390934;129558556;
14326493;129558556;2247390923;
14326493;2247390923;2247390925;
14326493;2247390925;1788784977;
14326493;1788784977;2247390939;
14326493;2247390939;1788784981;
14326493;1788784981;314549177;
14326493;314549177;2213447626;
14326493;2213447626;2214522449;
14326558;129544876;3130312344;
14326558;3130312344;2214758559;
14326558;2214758559;2209225419;
14326558;2209225419;3457211715;
14326558;3457211715;25620960;
14326558;25620960;2209225447;
14326558;2209225447;3130312335;
14326558;3130312335;2245520913;
14326558;2245520913;3554720424;
14326572;25632376;2904549010;
14326572;2904549010;2896384685;
14326572;2896384685;958308578;
14326572;958308578;2904532298;
14326572;2904532298;1676280585;
14326572;1676280585;2896384667;
14326572;2896384667;2893310955;
14333465;138220017;3392711326;
14333465;3392711326;2246222543;
14333465;2246222543;2246222537;
14333465;2246222537;2246222534;
14333465;2246222534;2246222541;
14333465;2246222541;2246222517;
14333465;2246222517;2246222523;
14333465;2246222523;2246222545;
14333465;2246222545;138220134;
14333474;138220019;3392711327;
14333474;3392711327;2246222552;
14333474;2246222552;2246222551;
14333474;2246222551;2246222547;
14333474;2246222547;2246222549;
14333500;138222054;286969310;
14333500;286969310;138222057;
14333500;138222057;2214758550;
14333500;2214758550;2681412869;
14333500;2681412869;3387597830;
14333500;3387597830;129544876;
14333888;1278184346;3392939461;
14333888;3392939461;2937936475;
14333888;2937936475;2204100028;
14333888;2204100028;2204099885;
14333888;2204099885;3392939454;
14333888;3392939454;3392939453;
14333888;3392939453;5476716952;
14333888;5476716952;2934456326;
14333888;2934456326;4097873948;
14333888;4097873948;3993126224;
26119844;1684844453;4526972153;
26119844;4526972153;1684844436;
26119844;1684844436;4526972156;
26119844;4526972156;1684844433;
26119844;1684844433;2247371507;
26119844;2247371507;1684844417;
26119844;1684844417;2379389151;
26119844;2379389151;1684844412;
26119880;1386051849;1386063709;
26119900;25620743;2354378407;
26119900;2354378407;25620737;
26119900;25620737;1386051849;
26207695;286968481;3392939454;
26207695;3392939454;286968789;
26207695;286968789;2335762665;
26207695;2335762665;4488753662;
26207695;4488753662;286968787;
26207784;2213482415;286969308;
26207784;286969308;475796332;
26207784;475796332;286969310;
28193881;1554886175;343646802;
28193881;343646802;137831888;
30912936;25632224;343646801;
31060211;25620518;345295625;
31060211;345295625;2852022741;
31060211;2852022741;2852022761;
31060242;345296684;2379012474;
31060242;2379012474;2730124809;
31060242;2730124809;2730124813;
31060242;2730124813;2379012444;
31060242;2379012444;345296686;
31060242;345296686;2379012458;
31060242;2379012458;25632367;
34607518;25620653;25620570;
34607518;25620570;1106006327;
34607518;1106006327;2893389981;
34607518;2893389981;25620759;
34607518;25620759;2246086928;
34607518;2246086928;2246054719;
34607518;2246054719;25620737;
34607518;25620737;25620947;
34607518;25620947;3388020773;
34607518;3388020773;3388020769;
34607518;3388020769;25620960;
34683791;137831896;137831895;
35203817;25632368;1684844618;
35203817;1684844618;2379315789;
35203817;2379315789;2379376386;
35203817;2379376386;25632367;
35203817;25632367;2379351710;
35203817;2379351710;2379351709;
35203817;2379351709;2379279844;
35203817;2379279844;25620518;
38336628;2242805402;3130311628;
38336628;3130311628;25632419;
38336628;25632419;2904549004;
38336628;2904549004;2904498647;
38336628;2904498647;129545993;
38336628;129545993;129545994;
38336628;129545994;2242804359;
38336628;2242804359;452682265;
38336628;452682265;1676280588;
38336628;1676280588;2912153175;
38336628;2912153175;1110698263;
38336628;1110698263;2912153177;
38336628;2912153177;452682249;
39658629;1684844803;475406851;
39658831;475410116;1788785406;
39658831;1788785406;3891282335;
39658831;3891282335;3891282336;
39658831;3891282336;3690885656;
39658831;3690885656;2293611903;
39658831;2293611903;2473711658;
39668434;25620948;475544038;
39668434;475544038;1684844083;
39668434;1684844083;3387597836;
39668434;3387597836;3387597834;
39668434;3387597834;1684844050;
39668885;4097873927;4097873928;
39668885;4097873928;3978884718;
39668885;3978884718;3388020783;
39668885;3388020783;5476716964;
39668885;5476716964;2354158012;
39668885;2354158012;4945762790;
39668885;4945762790;4945762789;
39669069;2213482387;2213482379;
39669069;2213482379;2213482407;
39669069;2213482407;2213482442;
39669069;2213482442;475548530;
51230332;1554886175;3098121120;
51230332;3098121120;3098121124;
51230332;3098121124;128680158;
59525257;25632229;25632230;
59525257;25632230;2413971718;
59525257;2413971718;25632224;
59525260;137982795;5494270495;
59525260;5494270495;5284385982;
59525260;5284385982;5284385983;
59525260;5284385983;3446686441;
59525260;3446686441;1684865554;
59525260;1684865554;3446686443;
59525260;3446686443;25632278;
59525260;25632278;25632279;
59525260;25632279;5284385984;
59525260;5284385984;25632225;
60175223;2893310955;2893310959;
60175223;2893310959;2893310957;
60175223;2893310957;2893310958;
60175223;2893310958;2893310956;
60175223;2893310956;747467615;
60175223;747467615;1106006327;
60175223;1106006327;2378186481;
60175224;1386051845;2246088571;
60175224;2246088571;4526972150;
60175224;4526972150;2378113695;
60175224;2378113695;2378113687;
60175590;25632422;2261413157;
60175590;2261413157;475406853;
60175590;475406853;2366079052;
60175590;2366079052;25632421;
60175590;25632421;3130312340;
60175590;3130312340;958309720;
60175590;958309720;2896411050;
60175590;2896411050;1676280580;
60175590;1676280580;2904530087;
60175590;2904530087;2242805402;
60175941;2893310955;1684844825;
60175941;1684844825;3130312329;
60175941;3130312329;2896411045;
60175941;2896411045;1105966159;
60175941;1105966159;747478280;
60175941;747478280;3130311627;
60175941;3130311627;747478309;
60175941;747478309;2365191005;
60175941;2365191005;475406849;
60175941;475406849;2261413154;
60175941;2261413154;1676280555;
60175941;1676280555;286969224;
107430880;1234709031;2086432786;
107430880;2086432786;1234709025;
107430880;1234709025;3392711329;
107430880;3392711329;2247240229;
107430880;2247240229;2247240242;
107430880;2247240242;2247240246;
107430880;2247240246;2247240235;
112465240;286969224;2365195081;
112465240;2365195081;3130312336;
112465240;3130312336;3130312332;
112465240;3130312332;2366079039;
112465240;2366079039;25632422;
112465243;1278184346;1278184331;
112465243;1278184331;2366098499;
112465243;2366098499;1684844700;
112465243;1684844700;3392939460;
112465243;3392939460;2204100014;
112465243;2204100014;3392939459;
112465243;3392939459;4529952486;
112465243;4529952486;2352603829;
112635323;345296684;3392711333;
112635323;3392711333;3392711331;
112635323;3392711331;2086439489;
112635323;2086439489;2383617372;
112635323;2383617372;1684844430;
124539828;1386051854;4526972149;
124539828;4526972149;1386051847;
124539828;1386051847;2378366856;
124539828;2378366856;2378366886;
124539828;2378366886;2378366848;
124539828;2378366848;2378366860;
124539828;2378366860;2378366846;
124539828;2378366846;1386051842;
125102901;2208891083;5476716948;
125102901;5476716948;4027074709;
125102901;4027074709;5476716947;
125102901;5476716947;5476716949;
125102901;5476716949;2927055765;
125102901;2927055765;1390263738;
125102904;1390263755;2927055779;
125102904;2927055779;2927055762;
125102904;2927055762;2721972084;
125102904;2721972084;4920992108;
128825637;25632368;1684844640;
128825637;1684844640;2383414389;
128825637;2383414389;1684844657;
128825637;1684844657;1422586944;
128825637;1422586944;2383414357;
128825637;2383414357;2383421998;
128825637;2383421998;2383422000;
128825637;2383422000;2383414298;
128825637;2383414298;1422586945;
128825637;1422586945;2383414359;
128825637;2383414359;2383414331;
128825637;2383414331;2383414300;
128825637;2383414300;2383414250;
128825637;2383414250;2383414260;
128825638;2852022748;2852022754;
128825638;2852022754;2852022755;
128825638;2852022755;2852022756;
128825638;2852022756;2852022745;
128825638;2852022745;2852022761;
128825638;2852022761;2852022747;
128825638;2852022747;2852022760;
128825638;2852022760;2852022742;
128825638;2852022742;2852022762;
128825638;2852022762;2852022744;
128825638;2852022744;2852022752;
128825638;2852022752;2852022751;
128825638;2852022751;2852022758;
128825638;2852022758;2725098084;
128825638;2725098084;5284385993;
128825638;5284385993;5284385994;
128825638;5284385994;343646798;
128825638;343646798;3092699108;
128825638;3092699108;2852022749;
128825638;2852022749;2852022764;
128825638;2852022764;2852022757;
128825638;2852022757;2852022759;
128825638;2852022759;2852022743;
128825638;2852022743;345296263;
128825638;345296263;2852022748;
128825640;2852022741;3896080939;
128825640;3896080939;25632365;
128825640;25632365;2875005868;
128825641;25632366;5284385992;
128825641;5284385992;25632292;
128825641;25632292;1110698257;
128825641;1110698257;5054999102;
128825641;5054999102;25632293;
128825643;2852022750;4716543451;
128825643;4716543451;25632366;
142214759;2335399819;4529953527;
142214759;4529953527;4529953533;
142214759;4529953533;2202026123;
142214759;2202026123;3891282331;
142214759;3891282331;4529953538;
142214759;4529953538;129553667;
142214759;129553667;2202026124;
142214759;2202026124;4529953537;
142214759;4529953537;3993126454;
142214759;3993126454;3392939436;
142214759;3392939436;475410116;
142214759;475410116;138234852;
142214763;2208891059;4529953547;
142214763;4529953547;2208686199;
142214763;2208686199;2208686190;
142214763;2208686190;2208686206;
142214763;2208686206;3992990333;
142214763;3992990333;3992990337;
142214763;3992990337;3992990334;
156208916;1684844554;1684844596;
156208916;1684844596;475408774;
156209004;475406849;2365195104;
156209004;2365195104;2365195098;
156209004;2365195098;2365186271;
156209004;2365186271;1684844803;
156209004;1684844803;2365195091;
156209004;2365195091;1684844798;
156209004;1684844798;2242805785;
156209004;2242805785;1684844785;
156209004;1684844785;286969224;
156209009;25632422;1684844771;
156209009;1684844771;2242805783;
156209009;2242805783;2366079031;
156209009;2366079031;1684844794;
156209009;1684844794;1684844797;
156209009;1684844797;2366079045;
156209009;2366079045;2366079051;
156209009;2366079051;475406853;
167487357;452682249;2912153173;
167487357;2912153173;2896727653;
167487357;2896727653;25632376;
167487388;974882854;2884965107;
167487388;2884965107;1788786281;
167487388;1788786281;1788786107;
167487388;1788786107;1788786094;
167487388;1788786094;1788786086;
167487388;1788786086;1788786097;
167487388;1788786097;1788786128;
167487388;1788786128;1788786143;
167487388;1788786143;1788786155;
167487388;1788786155;2884825975;
167487388;2884825975;1788786305;
167487388;1788786305;2884965105;
167487388;2884965105;974882842;
167487399;1788786281;3392711361;
167487399;3392711361;3392711362;
167487399;3392711362;1788786305;
167487468;1788786062;1788786080;
167487536;1788786097;1788786062;
167487536;1788786062;1788786020;
167487536;1788786020;1788786041;
167487536;1788786041;1788786080;
167487536;1788786080;1788786109;
167487536;1788786109;1788786155;
174689857;25620947;2246033646;
174689857;2246033646;25620948;
190128487;138234852;2337036559;
190128487;2337036559;138235495;
190128487;138235495;3993126224;
190128487;3993126224;3554720444;
190128487;3554720444;3554720446;
190128487;3554720446;25620747;
190128490;1386051842;1684844453;
197464423;1684844453;2246222549;
197464424;1684844453;2681416135;
197464424;2681416135;2077034851;
197464424;2077034851;345296684;
197464424;345296684;2077034852;
197464424;2077034852;2383470259;
197464424;2383470259;2383414313;
198515209;2383427198;2086436548;
198515209;2086436548;2383427210;
198515209;2383427210;1684844512;
198515210;2383414313;2383452377;
198515210;2383452377;2383452379;
198515210;2383452379;2383452386;
198515507;2383626819;2086439487;
198515507;2086439487;2086439488;
198515507;2086439488;2383626807;
198515507;2383626807;2383626811;
198515507;2383626811;2383626829;
198515579;2086439972;2246172379;
198515579;2246172379;2246172380;
198515579;2246172380;2246172378;
198515579;2246172378;2086439969;
198515580;2086439970;3392711324;
198515580;3392711324;3392711325;
198515580;3392711325;2086439973;
198515580;2086439973;3392711323;
198515580;3392711323;2086439972;
198515581;2086439968;2086439971;
198515581;2086439971;2086439974;
198515581;2086439974;2086439970;
198515632;2086440304;2086440300;
198515632;2086440300;2086440306;
198515632;2086440306;2086440308;
198515632;2086440308;4529953566;
198515632;4529953566;2086440302;
198515632;2086440302;138220017;
206720845;2204099938;4356494329;
206720845;4356494329;4356494327;
206720845;4356494327;25632400;
206720845;25632400;25632401;
206720845;25632401;2464461320;
206720845;2464461320;3392939480;
206720845;3392939480;2904530067;
206720845;2904530067;1676280584;
206720845;1676280584;1788785841;
206720845;1788785841;25632419;
208580373;25632416;2939688589;
208580373;2939688589;2912188495;
210073259;1386063709;1386063705;
210073259;1386063705;285945202;
210073259;285945202;2383323187;
210073259;2383323187;285944799;
210328130;3392939459;3392939458;
210328130;3392939458;2352607507;
210328130;2352607507;3692670689;
210328130;3692670689;2352603847;
210328130;2352603847;2352603833;
210328138;2204099947;3392939452;
210328138;3392939452;2740798807;
210328138;2740798807;2204100002;
210328138;2204100002;2204099972;
210328138;2204099972;2352867953;
210328138;2352867953;2352867947;
210328138;2352867947;2352867945;
210328138;2352867945;2352867951;
210328138;2352867951;2352867950;
210328147;475408774;2204099989;
210328147;2204099989;286968481;
210328149;2204099858;4529953552;
210328149;4529953552;5118553691;
210328149;5118553691;2208686217;
210336696;3392939436;3392939435;
210336696;3392939435;2925471785;
210336696;2925471785;2204179817;
210336696;2204179817;2204179963;
210336696;2204179963;2243316090;
210336696;2243316090;2243316041;
210336696;2243316041;2243316074;
210336707;2204179963;2204179820;
210336707;2204179820;3993021524;
210336707;3993021524;4097873936;
210336707;4097873936;3993021523;
210831460;2204099858;4027091849;
210831460;4027091849;2208686220;
210831460;2208686220;3130312347;
211337863;2213482387;2213482419;
211337863;2213482419;2213482412;
211337863;2213482412;129557542;
211436103;2214522449;475548529;
211436103;475548529;3130312337;
211436103;3130312337;129557542;
215135703;2245520803;2245520905;
215135703;2245520905;2245520831;
215135703;2245520831;2245520886;
215135703;2245520886;4526972109;
215135703;4526972109;2245520859;
215135703;2245520859;2245520867;
215135703;2245520867;2245520840;
215135703;2245520840;2245520814;
215162241;2245786941;2245786939;
215162241;2245786939;2245786936;
215162241;2245786936;2245786950;
215162241;2245786950;4526972112;
215162241;4526972112;2245786960;
215162241;2245786960;2245786961;
215162241;2245786961;2245786929;
215162241;2245786929;2245786927;
215162243;25620747;4526972116;
215162243;4526972116;25620743;
215194131;2246222549;138220134;
215194131;138220134;25620948;
215200349;1386051849;2246086926;
215200349;2246086926;1386051845;
215200349;1386051845;1386051854;
215200352;2246086928;2246086899;
215200352;2246086899;2246086901;
215200352;2246086901;2246086889;
215200352;2246086889;2246086874;
215200352;2246086874;2246086879;
215200352;2246086879;3387597850;
215200352;3387597850;2681416140;
215200352;2681416140;2246086926;
215210562;138220017;138220019;
215210562;138220019;2246296620;
215210562;2246296620;2246296624;
215210562;2246296624;2246296603;
215210562;2246296603;2247054940;
215210562;2247054940;2378947607;
215210562;2378947607;2378947603;
215210562;2378947603;2246296607;
215301975;2246296620;2247054927;
215301975;2247054927;2247054936;
215301975;2247054936;2247054939;
215301975;2247054939;2247054916;
215301975;2247054916;2247054908;
215301975;2247054908;2247054917;
215301975;2247054917;2247054948;
215301975;2247054948;2247054920;
215301975;2247054920;2247054921;
215301975;2247054921;2247054918;
215301977;2247054918;2246296607;
215301977;2246296607;2247054932;
215301977;2247054932;2247054907;
215301977;2247054907;1684844412;
215301978;2247054935;2247054926;
215301978;2247054926;3387597822;
215301978;3387597822;2247054933;
215301978;2247054933;2247054949;
215301978;2247054949;2247054947;
215301978;2247054947;2247054911;
215301978;2247054911;2247054928;
215301978;2247054928;2247054929;
215301979;129557542;2247054930;
215301979;2247054930;2247054943;
215301979;2247054943;2247054934;
215309515;2247157848;2247157718;
215331280;2247371503;4526972160;
215331280;4526972160;2247375562;
215331280;2247375562;2247375568;
215331280;2247375568;2247375569;
215331280;2247375569;2247375546;
215331281;137831895;2247375557;
215331281;2247375557;2247371573;
215331281;2247371573;2247375538;
215331282;1234709025;3392711328;
215331282;3392711328;2247375543;
215331282;2247375543;2247375554;
215331282;2247375554;2247375536;
215331282;2247375536;2247375564;
215331285;2247375546;2247375571;
215331285;2247375571;2247375558;
215331285;2247375558;2247375555;
215331285;2247375555;137831896;
216483076;2511272020;2258215879;
216891255;2209225443;2326546548;
216891255;2326546548;2208969603;
216891255;2208969603;137873037;
216969809;1684844412;285944429;
216969809;285944429;2247371499;
216969809;2247371499;1684844430;
216969809;1684844430;2247371503;
216969809;2247371503;4526972161;
216969809;4526972161;2247375545;
216969809;2247375545;2247371502;
216969809;2247371502;1684844424;
216969809;1684844424;137831896;
216972581;286969224;2245786953;
216972581;2245786953;2245786974;
216972581;2245786974;3130311626;
216972581;3130311626;25620743;
216972581;25620743;2245786941;
216972581;2245786941;3130312343;
216972581;3130312343;2245520814;
216972801;2245520814;2245520901;
216972801;2245520901;3554720424;
216972801;3554720424;2245520806;
216972801;2245520806;3554720425;
216972801;3554720425;3400530627;
216972801;3400530627;2245520808;
216972801;2245520808;3554720428;
216972801;3554720428;2245520803;
220232893;138234852;4526972121;
220232893;4526972121;286968787;
220232893;286968787;2204099947;
220232893;2204099947;475410511;
223053869;2927055788;2927055789;
223053869;2927055789;1390263750;
223053869;1390263750;1390263758;
223053869;1390263758;2927055780;
223053869;2927055780;2208650607;
223053869;2208650607;2927055777;
223053869;2927055777;2927055770;
223053869;2927055770;4025482697;
223053869;4025482697;2208650606;
223053869;2208650606;1390263755;
223053869;1390263755;4097873925;
224749647;475410118;475410511;
224854242;2337036559;2337036563;
224854242;2337036563;3392939437;
224854242;3392939437;2337036560;
226432346;2352603833;2352603831;
226624856;475408774;3130312338;
227888232;1684844811;2365172868;
227888232;2365172868;2365191003;
227888232;2365191003;2365191001;
227888232;2365191001;2365191010;
227888232;2365191010;2365191005;
227888233;1684844816;2365172845;
227888233;2365172845;2365191012;
227888233;2365191012;2365191010;
227888233;2365191010;475406849;
227888235;2364998422;2365172845;
227888628;1684844785;2365195087;
227888628;2365195087;2365195102;
227888628;2365195102;2365195081;
227888631;25632422;3130312338;
227888631;3130312338;3130312345;
227888631;3130312345;1278184344;
227888631;1278184344;1278184346;
227888748;475406851;2365195083;
227888748;2365195083;2365195106;
227888748;2365195106;1684844808;
227888748;1684844808;475406852;
227888748;475406852;2365195094;
227888748;2365195094;1684844801;
227888748;1684844801;2365195076;
227888749;2365195076;1684844797;
227932388;2365622750;2365622831;
227932388;2365622831;2365622781;
227932388;2365622781;2365622818;
227932388;2365622818;2365622834;
227932388;2365622834;2365622739;
227932388;2365622739;2365622614;
227932388;2365622614;2365622638;
227932388;2365622638;2365622809;
227932391;2365622860;2365622854;
227932391;2365622854;2365622846;
227932391;2365622846;2365622719;
227932391;2365622719;2365622607;
227932391;2365622607;2365622672;
227932391;2365622672;2365622793;
227932394;2365622809;2365622764;
227932394;2365622764;2365622756;
227932394;2365622756;2365622802;
227932394;2365622802;2365622826;
227932394;2365622826;2365622790;
227932394;2365622790;2365622708;
227932399;2365622809;2365622770;
227932399;2365622770;2365622840;
227932399;2365622840;2365622849;
227932399;2365622849;2365622716;
227932399;2365622716;2365622784;
227932399;2365622784;2365622678;
227932399;2365622678;2365622629;
227932399;2365622629;2365622626;
227932399;2365622626;2365622712;
227932399;2365622712;2365622860;
227980132;2366079039;2366079032;
227980132;2366079032;2366079049;
227980132;2366079049;2366079047;
227980132;2366079047;1684844771;
227982906;25632402;2366083036;
227982906;2366083036;3392939472;
227982906;3392939472;2375816260;
227982906;2375816260;2366083037;
227982906;2366083037;3392939473;
227982906;3392939473;3392939476;
227982906;3392939476;3392939478;
227982906;3392939478;2242805402;
227991568;2366154016;2366154008;
227991568;2366154008;2366154010;
227991568;2366154010;2366154017;
227991568;2366154017;2366154009;
227991568;2366154009;2366154037;
229184974;2378113687;747467619;
229194693;2378186481;2875262080;
229194693;2875262080;747467619;
229194693;747467619;2875262073;
229194693;2875262073;747467609;
229278901;345296686;3392711336;
229278901;3392711336;3392711335;
229278901;3392711335;2379012473;
229319074;2892143783;2892143782;
229319074;2892143782;2892143784;
229784702;2383318867;2383318850;
229784702;2383318850;2383318889;
229784702;2383318889;2383318843;
229784702;2383318843;2247375538;
229784704;3392711339;3392711338;
229784704;3392711338;2383270253;
229784704;2383270253;2383318859;
229784704;2383318859;2383318887;
229784704;2383318887;2383318851;
229784705;2383318859;2383318878;
229784705;2383318878;2383318876;
229784705;2383318876;2383318862;
229784705;2383318862;2383318844;
229784705;2383318844;2383318891;
229784705;2383318891;2383318852;
229784705;2383318852;2383318854;
229784705;2383318854;2383318904;
229784705;2383318904;2383318866;
229784705;2383318866;2383318888;
229784705;2383318888;2383318865;
229784705;2383318865;2383318870;
229784705;2383318870;2383270247;
229784709;2383318855;2383318861;
229784709;2383318861;2383318871;
229784709;2383318871;2383270261;
229784709;2383270261;2383318877;
229784709;2383318877;2383318853;
229784709;2383318853;2383318868;
229784709;2383318868;2383318900;
229784709;2383318900;2383318877;
229784712;2383318863;2383318892;
229784713;2383318892;2383318855;
229784714;2383318861;2383318857;
229784714;2383318857;2383318858;
229784714;2383318858;2383318873;
229784714;2383318873;2383318856;
229784714;2383318856;2383318885;
229784714;2383318885;2383318869;
229784714;2383318869;2383318893;
229784714;2383318893;2383318847;
229784714;2383318847;2383318871;
229784715;2383318850;2383318899;
229784715;2383318899;2383318874;
229784715;2383318874;2383318884;
229784716;2383318867;2383318863;
229802211;2383470264;2383470194;
229802211;2383470194;2383414313;
229816562;1684844512;2383603967;
229816562;2383603967;2383470264;
229817535;2247371499;2383617372;
229817535;2383617372;2383617349;
229817535;2383617349;2383617391;
229817535;2383617391;2383617325;
229817535;2383617325;2383617407;
229818921;2383414313;2383414370;
229818921;2383414370;25632368;
233006425;343646801;2413524264;
233006425;2413524264;2413524266;
233006425;2413524266;455341191;
233006425;455341191;2413467921;
233006425;2413467921;3392711339;
233006425;3392711339;2413524265;
233006425;2413524265;2109261123;
233006425;2109261123;137831884;
233007929;2413467921;2413467925;
233007929;2413467925;2413467923;
239593895;475410511;3392939455;
239593895;3392939455;4529953489;
239593895;4529953489;2352603829;
252518836;25632361;5284385985;
252518836;5284385985;25632279;
258853579;137831895;2086432785;
258853579;2086432785;137831894;
258853579;137831894;2383626829;
258853579;2383626829;2247375538;
258853580;2247375538;2383318884;
258853580;2383318884;2247240235;
258853580;2247240235;2247375564;
258853580;2247375564;3098121112;
258853580;3098121112;1554886175;
259888928;2641682879;2273292142;
259888928;2273292142;2250794620;
259888928;2250794620;2273292282;
259888928;2273292282;3098121116;
259888928;3098121116;128680158;
267026311;343646798;3392711355;
267026311;3392711355;3392711354;
267026311;3392711354;2849912284;
280949034;2849744862;2849744849;
280966568;2725095084;2725095085;
280966568;2725095085;2849912276;
280966568;2849912276;2849912295;
280966568;2849912295;2849912279;
280966568;2849912279;2725095086;
280966568;2725095086;2725095087;
280966568;2725095087;2849912282;
280966568;2849912282;2849912277;
280966568;2849912277;2849912300;
280966568;2849912300;2725095088;
280966568;2725095088;2725095089;
280966568;2725095089;2725095084;
280966569;2725095084;2849912289;
280966569;2849912289;2849915301;
280966569;2849915301;2849915312;
280966569;2849915312;2849912284;
280966571;2849912284;2849912283;
280966571;2849912283;2849912287;
280966571;2849912287;2849912288;
280966571;2849912288;2725095088;
281224991;2852022760;2852022753;
281224991;2852022753;2852022746;
281224991;2852022746;2852022763;
281224991;2852022763;2852022750;
284770886;2725098084;2884777667;
284770886;2884777667;3392711356;
284770886;3392711356;2884777675;
284770886;2884777675;2884777660;
284770886;2884777660;2884777656;
284770886;2884777656;2884777664;
284770886;2884777664;2884777680;
284770886;2884777680;2884777654;
284770886;2884777654;2884777678;
284770886;2884777678;2884777653;
284770887;2884777653;2884777666;
284770887;2884777666;2884777684;
284770887;2884777684;2884777647;
284770887;2884777647;2884777673;
284770887;2884777673;2884777671;
284770887;2884777671;2884777681;
284770887;2884777681;2884777661;
284770887;2884777661;2884777651;
284770887;2884777651;2884777676;
284770887;2884777676;2884777662;
284770887;2884777662;2884777653;
284775782;2884825976;2884825983;
284775782;2884825983;2884825978;
284775782;2884825978;2884825989;
284775782;2884825989;2884825971;
284775782;2884825971;2884825979;
284775782;2884825979;2884825987;
284775782;2884825987;2884825970;
284775782;2884825970;2884825964;
284775782;2884825964;3392711359;
284775782;3392711359;2884825975;
284775785;2884825977;2884825976;
284775786;2725098084;3392711357;
284775786;3392711357;2884777646;
284775786;2884777646;2884825977;
284777297;2884840235;2884840234;
286004317;2896384668;3392711352;
286004317;3392711352;2896384667;
286004375;2896384685;3392711353;
286004375;3392711353;2896384686;
286006222;2896411045;3387597859;
286006222;3387597859;2896411046;
286006222;2896411046;2896411051;
286006222;2896411051;2896411049;
286006222;2896411049;2896411047;
286006222;2896411047;2896407785;
286006222;2896407785;2896411050;
286754358;2464461320;3392939481;
286754358;3392939481;3392939483;
286754358;3392939483;2904248189;
286754358;2904248189;2904248183;
286754358;2904248183;2904248196;
286754358;2904248196;2904250603;
286754358;2904250603;2904248177;
286754358;2904248177;2904248195;
286754358;2904248195;2904248190;
286754358;2904248190;2904250601;
286754358;2904250601;2904248179;
286754358;2904248179;2904248180;
286754358;2904248180;2904248187;
286754361;2464461320;3392939482;
286754361;3392939482;3392939484;
286754361;3392939484;2904248192;
286754361;2904248192;2904250602;
286754361;2904250602;2904248181;
286754361;2904248181;2904248185;
286754361;2904248185;2904248178;
286754361;2904248178;2904248177;
286779044;2904498649;3392939488;
286779044;3392939488;3392939490;
286779044;3392939490;2904498647;
286782663;2904549008;3392939489;
286782663;3392939489;2904549010;
286782664;2904549004;2904549006;
286782664;2904549006;2904549005;
286782664;2904549005;3392939491;
286782664;3392939491;2904549009;
286782664;2904549009;2904549007;
287648900;452682249;452682270;
287906089;2914696271;3392711360;
287906089;3392711360;2914696276;
287906089;2914696276;2914696273;
287906089;2914696273;2914696272;
288961296;2925076574;2925076569;
288961296;2925076569;2925076588;
288961296;2925076588;2925076575;
288961296;2925076575;2925076608;
288961296;2925076608;2925076564;
288961296;2925076564;2925076566;
288961296;2925076566;2925076587;
304682487;25620960;2681412868;
304682487;2681412868;3130312346;
304682487;3130312346;2209225441;
304682487;2209225441;2209225431;
304682487;2209225431;2209225425;
304682487;2209225425;3457211714;
304682487;3457211714;2209225443;
304684302;3554720418;2399723033;
304684302;2399723033;5118553704;
304684302;5118553704;3891282147;
304684302;3891282147;3554720402;
304684302;3554720402;3554720401;
304684302;3554720401;2319991800;
304684302;2319991800;2319991795;
304684788;3092618005;3092618006;
304684788;3092618006;2337036563;
307804459;3130312347;2208686218;
307804459;2208686218;4025528392;
307804459;4025528392;4025528394;
307804459;4025528394;4025528390;
307804459;4025528390;4025528395;
307804459;4025528395;2204100011;
307804460;3130312337;2213482396;
307804460;2213482396;2213482478;
307804460;2213482478;2213482387;
307804461;3130312347;3092601795;
307804461;3092601795;3130311623;
307804461;3130311623;129559333;
332154462;3392711362;2884947141;
332179488;3392939470;3392939471;
332179488;3392939471;2365622750;
337165204;25620737;3442647352;
337165204;3442647352;3442647353;
349620094;3554720418;3554720414;
349620094;3554720414;3554720409;
349620094;3554720409;3554720402;
349620097;3554720444;3554720445;
349620097;3554720445;3554720447;
349620097;3554720447;2107054816;
349620097;2107054816;3554720449;
349620097;3554720449;3554720448;
349620097;3554720448;3554720446;
365044226;3690885656;2335416031;
365044226;2335416031;3690885655;
365044226;3690885655;3690885657;
365044226;3690885657;3690885658;
365423939;2352603831;3392939456;
365423939;3392939456;3392939455;
365436693;3694518901;5476716960;
365436693;5476716960;3694518900;
374346169;2383414260;2383603996;
374346169;2383603996;1684844512;
374346170;1684844512;2383414272;
374346170;2383414272;2383414277;
374346170;2383414277;2383414305;
374346170;2383414305;2383414229;
374346170;2383414229;2383414313;
374346173;138223440;138222054;
385795791;3092601795;2319991804;
385795791;2319991804;3554720418;
386286205;3896080933;3896080931;
386286206;2875005868;3896080933;
386286206;3896080933;2875151185;
394998026;3993126224;5476716951;
394998026;5476716951;4097873947;
394998026;4097873947;1277364250;
394998026;1277364250;2245353947;
394998026;2245353947;5476716944;
394998026;5476716944;3993117787;
394998026;3993117787;3993117789;
394998026;3993117789;5476716943;
394998026;5476716943;3993117788;
396485358;3992982896;3992982895;
407752152;4097873936;4097873935;
407752157;2337036560;4097873944;
407752157;4097873944;5476716954;
407752157;5476716954;5476716955;
407752157;5476716955;5476716953;
407752157;5476716953;4097873954;
407752157;4097873954;5476716957;
407752157;5476716957;5476716952;
407752157;5476716952;1684844554;
434857293;4327756510;2247054918;
434872534;2245520803;3554720440;
434872534;3554720440;3130312339;
434872534;3130312339;2245786927;
434872534;2245786927;3130312331;
434872534;3130312331;25620747;
434872534;25620747;2245786951;
434872534;2245786951;2343359244;
434872534;2343359244;2343359235;
434872534;2343359235;2245786942;
434872534;2245786942;25632422;
448850568;3554720425;5118553689;
448850568;5118553689;2204099858;
448850570;2208686217;2204100011;
448850570;2204100011;3992990334;
448850570;3992990334;1684844136;
448850570;1684844136;4097873927;
448850570;4097873927;3554720432;
448850570;3554720432;4097873929;
448850570;4097873929;3993117788;
448850570;3993117788;2204099951;
448850570;2204099951;2204099942;
448850570;2204099942;3992982895;
448850570;3992982895;2204099999;
448850570;2204099999;2243746973;
448850570;2243746973;2243746975;
448850570;2243746975;2243746971;
448850570;2243746971;3993126557;
448850570;3993126557;3092618005;
448850570;3092618005;138234852;
484592257;4097873925;5118554430;
484592257;5118554430;4025528393;
484592257;4025528393;4025528392;

12345;1;519;0
12345;519;1;0
12345;516;2;0
12345;2;516;0
721;1;2;1
721;2;1;1
12345;535;3;0
12345;3;535;0
721;2;3;1
721;3;2;1
12345;509;4;0
12345;4;509;0
721;3;4;1
721;4;3;1
12345;514;5;0
12345;5;514;0
721;4;5;1
721;5;4;1
12345;511;6;0
12345;6;511;0
721;5;6;1
721;6;5;1
12345;512;7;0
12345;7;512;0
721;6;7;1
721;7;6;1
12345;524;8;0
12345;8;524;0
721;7;8;1
721;8;7;1
12345;510;9;0
12345;9;510;0
721;8;9;1
721;9;8;1
12345;10;750;0
12345;750;10;0
12345;751;11;0
12345;11;751;0
721;10;11;1
721;11;10;1
12345;755;12;0
12345;12;755;0
721;11;12;1
721;12;11;1
12345;13;510;0
12345;510;13;0
12345;530;14;0
12345;14;530;0
721;13;14;1
721;14;13;1
12345;521;15;0
12345;15;521;0
721;14;15;1
721;15;14;1
12345;536;16;0
12345;16;536;0
721;15;16;1
721;16;15;1
12345;503;17;0
12345;17;503;0
721;16;17;1
721;17;16;1
12345;523;18;0
12345;18;523;0
721;17;18;1
721;18;17;1
12345;500;19;0
12345;19;500;0
721;18;19;1
721;19;18;1
12345;527;20;0
12345;20;527;0
721;19;20;1
721;20;19;1
12345;538;21;0
12345;21;538;0
721;20;21;1
721;21;20;1
12345;22;199;0
12345;199;22;0
12345;195;23;0
12345;23;195;0
721;22;23;1
721;23;22;1
12345;813;24;0
12345;24;813;0
721;23;24;1
721;24;23;1
12345;814;25;0
12345;25;814;0
721;24;25;1
721;25;24;1
12345;198;26;0
12345;26;198;0
721;25;26;1
721;26;25;1
12345;812;27;0
12345;27;812;0
721;26;27;1
721;27;26;1
12345;197;28;0
12345;28;197;0
721;27;28;1
721;28;27;1
12345;304;29;0
12345;29;304;0
721;28;29;1
721;29;28;1
12345;305;30;0
12345;30;305;0
721;29;30;1
721;30;29;1
12345;303;31;0
12345;31;303;0
721;30;31;1
721;31;30;1
12345;194;32;0
12345;32;194;0
721;31;32;1
721;32;31;1
12345;193;33;0
12345;33;193;0
721;32;33;1
721;33;32;1
12345;34;510;0
12345;510;34;0
12345;530;35;0
12345;35;530;0
721;34;35;1
721;35;34;1
12345;521;36;0
12345;36;521;0
721;35;36;1
721;36;35;1
12345;536;37;0
12345;37;536;0
721;36;37;1
721;37;36;1
12345;503;38;0
12345;38;503;0
721;37;38;1
721;38;37;1
12345;523;39;0
12345;39;523;0
721;38;39;1
721;39;38;1
12345;500;40;0
12345;40;500;0
721;39;40;1
721;40;39;1
12345;527;41;0
12345;41;527;0
721;40;41;1
721;41;40;1
12345;538;42;0
12345;42;538;0
721;41;42;1
721;42;41;1
12345;520;43;0
12345;43;520;0
721;42;43;1
721;43;42;1
12345;507;44;0
12345;44;507;0
721;43;44;1
721;44;43;1
12345;45;510;0
12345;510;45;0
12345;333;46;0
12345;46;333;0
8;45;46;2
8;46;45;2
12345;872;47;0
12345;47;872;0
8;46;47;2
8;47;46;2
12345;309;48;0
12345;48;309;0
8;47;48;2
8;48;47;2
12345;112;49;0
12345;49;112;0
8;48;49;2
8;49;48;2
12345;583;50;0
12345;50;583;0
8;49;50;2
8;50;49;2
12345;522;51;0
12345;51;522;0
8;50;51;2
8;51;50;2
12345;250;52;0
12345;52;250;0
8;51;52;2
8;52;51;2
12345;191;53;0
12345;53;191;0
8;52;53;2
8;53;52;2
12345;54;228;0
12345;228;54;0
12345;315;55;0
12345;55;315;0
2;54;55;2
2;55;54;2
12345;955;56;0
12345;56;955;0
2;55;56;2
2;56;55;2
12345;37;57;0
12345;57;37;0
2;56;57;2
2;57;56;2
12345;856;58;0
12345;58;856;0
2;57;58;2
2;58;57;2
12345;808;59;0
12345;59;808;0
2;58;59;2
2;59;58;2
12345;60;944;0
12345;944;60;0
12345;436;61;0
12345;61;436;0
1;60;61;2
1;61;60;2
12345;465;62;0
12345;62;465;0
1;61;62;2
1;62;61;2
12345;627;63;0
12345;63;627;0
1;62;63;2
1;63;62;2
12345;718;64;0
12345;64;718;0
1;63;64;2
1;64;63;2